1088
8960
8225
49156
262408
16768
49408
196640
66049
66112
540736
1835008
86
1572
2369
3208
35968
9250
140416
168960
346112
524872
804864
12336
49440
82960
368640
532486
1089552
41025
262403
328224
526353
529472
1050634
103
364
466
2756
4816
16489
2449
20866
36480
70680
73769
76292
88320
131858
133704
157824
294996
578048
25218
42272
67610
75794
82312
82435
139650
147760
232448
263713
283140
312322
393297
524614
524706
530504
563456
623648
655920
655920
697344
819240
1049738
1086080
1099008
1245220
1343497
1441860
28864
51336
70690
73952
99424
148098
165136
196720
263008
263689
267267
267267
409634
524339
524371
524373
526866
534912
563232
589964
594052
618496
729096
796688
1048753
1049056
1065009
1198112
1376520
2269312
69667
135329
143372
395329
401425
409732
533537
590348
590348
592416
787468
788483
790593
1048633
1115208
1148936
1180064
1315360
1851520
2099459
67849
140324
884864
263937
264709
657668
1327240
1313026
2158
4532
7553
8781
10765
12311
18486
27148
32954
39429
51715
91393
1355
4806
7697
9413
10396
12048
12620
14350
15440
20519
22804
23632
34578
37697
38000
43592
51376
51466
65643
65894
66676
74284
74544
98387
98892
112896
120836
131388
132402
132650
137380
155683
155793
205504
217632
217632
262429
272968
283936
294963
303622
360517
364554
365569
401926
527434
567320
600256
606227
655948
823302
1050181
1050186
1050961
1201664
1312292
1347590
6738
12825
22793
27456
36999
37957
38448
39108
41170
45664
66835
67121
67683
68227
70544
74322
89104
99397
106531
106578
123648
136840
138336
141833
145442
166915
167456
170024
198729
204837
208899
230657
246786
262686
263024
264470
266821
271041
272192
272964
312128
319554
328337
344582
346376
350224
352544
360610
360740
363012
401572
405636
410884
426009
430120
527016
527464
528533
528538
530760
533017
533588
535184
553728
557145
561196
561669
561674
567816
569728
573578
579648
590056
595264
598178
618497
623140
655414
667912
672304
787105
787745
788240
794652
796224
803010
806921
820416
822528
860674
876546
925701
950340
1049111
1051528
1052852
1053766
1057848
1084576
1086336
1091587
1147156
1208576
1220744
1345556
1376840
1771776
2188032
2359890
10920
30768
42132
67098
67607
75880
83042
139411
152586
178208
180866
181296
197653
198849
201256
279306
279361
312392
328220
377872
394321
427296
434305
471072
527124
528836
529029
532658
533129
536598
540761
541002
542244
542273
549508
558177
595208
606497
606725
624900
663700
664840
666120
700480
706592
725122
745504
778240
791840
805392
819273
857096
919600
922626
926724
934944
1066688
1068161
1082465
1091593
1091620
1095682
1119808
1131076
1134660
1180546
1196051
1332228
1355840
1378309
1507616
1575234
1577136
1583176
1605669
2104068
2135046
2248737
2393348
2655272
53409
136236
140834
201284
280740
282144
286913
296580
299304
336450
345128
526981
530880
540747
541318
542868
563472
590094
594456
598816
623376
665668
770176
804994
819780
1062917
1066146
1067652
1167392
1180809
1314827
1377285
1378440
1622400
2229060
592394
788160
803089
853312
1070340
1085588
1184266
1315849
1613844
268550
559173
1181313
1312259
2769184
1955
2591
1447
1765
1846
1970
4717
5213
8351
9398
10428
15109
15397
18973
24669
28420
31424
33115
46108
56330
56896
60436
66142
66268
79520
81154
85378
133429
484480
4582
5033
6860
8938
10010
10810
11798
19640
20796
21527
26153
31747
33254
35174
37585
40074
41077
41365
45473
49494
50896
55557
56388
56450
65723
66905
67869
68433
73348
74137
75169
76228
78722
83064
91360
96528
98716
98859
99436
99665
101509
105537
110606
110737
112645
114766
119043
126986
131259
131502
132175
132382
134984
137765
140180
151043
151603
154692
156321
161028
167105
174220
174468
200812
204908
207041
210208
235560
262889
263523
263526
264098
264657
266984
268869
315466
316434
332673
371201
375040
380964
418369
418946
460424
503816
509954
525433
525517
525899
525989
527244
528746
529828
533716
539016
563228
567681
569862
590186
607260
615232
623145
628994
635968
637184
671790
678920
721128
726019
729984
739333
787880
826112
852324
884820
892937
917844
931072
999448
1051207
1051723
1053361
1180500
1245462
1249795
1311078
1311082
1311178
1311626
1343580
1377828
1393670
1396754
1520128
1718276
1990664
2122408
2310163
1849
15457
15636
18198
20006
25193
28869
29584
38284
42162
53414
56584
67095
67979
71218
71881
74014
76869
76900
78355
78470
82852
87092
99032
99367
106777
110884
111121
115749
118866
133601
148067
148749
149408
151780
152113
152356
158144
164953
165157
166956
168988
169284
171648
176139
180344
182468
182852
183302
197752
197902
202952
207176
214060
217140
234656
237705
242720
262270
264613
264997
265444
267654
268720
270670
271816
272152
280216
280232
283745
289044
291137
296586
296752
297313
309328
321553
328521
328843
333000
336081
345288
360632
362569
368930
372739
376899
381200
397986
407042
409651
414232
422152
426416
430384
430401
458812
524773
529286
532940
534822
535825
538708
541237
541349
543408
549414
550953
557510
558406
564244
566688
574981
575240
575516
575904
582788
590668
595206
600133
601100
608833
612624
641284
647248
657072
657096
657585
657689
658580
661545
664258
669825
669840
672308
674464
680994
688560
691344
694786
696390
710657
721430
723082
723108
729473
741568
790697
791841
796048
796945
804886
812065
813320
815248
824072
854072
856085
860322
860354
917606
918565
927233
935072
938056
983201
987160
999496
1048923
1049061
1049273
1055176
1058032
1061972
1070288
1071640
1090322
1091144
1097893
1105941
1114794
1115489
1115704
1116266
1120270
1125634
1130574
1133313
1135296
1147554
1163816
1164417
1182245
1182289
1182290
1182532
1190418
1201424
1246277
1247305
1313833
1323554
1343515
1360962
1364160
1383432
1394753
1444385
1450006
1491488
1507857
1573769
1575113
1575558
1601824
1739808
1772800
2039812
2131098
2211862
2359495
8907
18916
38411
57464
68666
110816
116248
127496
133182
135041
144902
148262
149801
151747
153936
156185
158768
166722
167504
184401
206152
206348
215202
239776
256016
265612
266319
269024
273546
274579
276532
278032
283269
284803
287938
295315
295571
301218
303554
303754
307480
307504
312069
328131
363056
399448
402708
410320
411916
426164
428547
434818
460842
492164
527050
527473
529500
530648
531590
535121
537056
541921
544514
553136
557614
558219
565830
571472
574552
585988
590375
590381
591436
592924
606420
624992
627266
630952
664120
690694
758032
792130
796034
854058
869633
877060
920081
922384
926017
926226
951584
967170
987266
987266
1017860
1062465
1067460
1068564
1077382
1084438
1084468
1097968
1098688
1106194
1115163
1115781
1116514
1131555
1132162
1135234
1139212
1147057
1167426
1192100
1192195
1200674
1254530
1261730
1316976
1324304
1343937
1377315
1384485
1384864
1393424
1446149
1459744
1464322
1483784
1515554
1576257
1582192
1590208
1593537
1639536
1773604
1859713
1908994
2138403
2165584
2264112
2285616
2369676
2393624
2396992
17803
103465
230209
267046
268852
272138
331394
331939
398858
400432
404548
412048
469072
538637
539142
544858
558158
559260
565420
565526
566096
610945
657801
660384
660487
661840
662576
665106
676388
727808
796760
824096
852614
855172
942104
951044
951329
1056514
1067068
1071636
1077509
1077769
1079308
1085842
1087042
1122382
1147974
1196806
1199128
1204504
1215105
1246723
1249860
1377488
1378371
1380628
1409541
1410240
1475077
1581792
1599568
1611800
1705856
1712450
1841170
1843984
2165276
2183698
2361479
85068
94320
137485
265485
284200
284694
548915
592139
600210
623000
665669
723041
723648
1066507
1215568
1344146
361666
491968
536074
1090642
1118993
1188421
1215648
1351828
1623136
1743
1895
4052
6366
7602
9047
11655
22094
29873
30900
40470
41702
43126
44434
44557
47692
57654
59781
61978
63529
86125
88841
90234
94285
97424
98973
115027
126995
162836
182542
197805
206863
236037
248070
258068
300768
307258
315438
469005
531172
533738
749586
788388
1196139
2779
3772
5927
9171
13020
13539
19227
21347
22121
26198
26782
28072
29223
29300
30476
39842
41263
41278
43565
44059
45660
46374
50515
51868
52930
54541
58800
59608
59676
62754
63688
64066
66269
66294
66798
68081
68814
69576
70101
73664
75601
79173
79506
80022
80996
82742
83354
84450
88169
90856
91616
91676
92465
99531
100693
102581
103011
103124
104617
108384
115862
125059
126024
126466
128065
130560
135994
136021
136307
136913
137621
139026
139738
146186
150214
150865
151376
151758
159112
161048
161861
171052
174920
179968
180789
184433
185417
186753
192534
196951
197813
198548
198869
199505
199819
201757
212240
215153
215434
218373
221709
223456
229486
243721
247112
247815
247939
259074
262959
266684
267178
273073
273201
279339
284050
286081
287767
291412
295261
296305
296308
296618
297173
300385
311623
318024
325376
327791
329062
333168
335919
337286
337602
344243
344474
348337
366865
369675
372882
389377
395577
397914
401935
418345
419877
420932
426437
432576
433220
436802
444937
450706
450834
459851
471872
475314
476932
491846
499723
520196
526774
527022
527131
528761
529635
530280
532049
533964
535889
539044
541902
542358
548132
551364
552228
572033
573622
574121
580032
580162
585217
586944
594776
606517
614415
614708
623954
624820
633347
634921
637960
640084
651304
657817
672568
684043
684432
688231
691721
692674
692758
693040
701446
704654
705543
707844
717344
721205
721733
725290
737303
738311
741954
749888
758277
786812
786843
787412
788140
790312
790994
824256
825089
829312
864298
877578
877828
917969
918185
939522
950570
950724
983626
983876
987968
1025026
1051380
1054609
1055833
1058420
1059729
1062244
1114573
1120003
1126457
1167882
1176320
1180134
1193664
1213036
1245908
1312440
1343579
1347674
1350666
1359943
1383937
1414212
1425553
1427714
1482898
1529858
1576214
1605754
1644585
1647280
1655905
1671310
1673731
1862145
1936640
1966634
2107050
2152004
2243968
2508821
13658
19254
21849
24092
27852
31842
34486
40148
41191
46484
52263
52628
54945
55574
58131
58257
63516
66263
71226
75602
76311
86797
87393
87828
91496
92968
100003
100836
101673
106639
107164
107395
110924
115349
115475
119180
135327
135375
140061
141990
143825
144662
144738
145200
146563
146577
146961
151695
152110
155993
156483
156963
158233
158282
160074
160131
160577
166565
170182
172826
180826
181560
190531
198215
199269
199352
202562
214061
219792
221304
222081
225572
227520
234824
239749
246403
265200
268721
269009
269762
270840
272266
272292
273578
282119
282312
282498
282837
283034
287652
288298
289799
291853
292008
298041
299717
303600
304173
308801
312899
316640
323936
329014
331961
332227
332371
333698
334019
334124
336306
338034
341090
343073
344436
351242
353560
355856
365078
373002
395911
395953
398897
399824
400068
400145
401596
401904
403651
405579
405682
406832
407043
407049
408579
410139
411440
412001
415012
418210
422276
428641
431111
434962
446609
450826
458799
460688
462934
463268
475226
478736
479253
484488
491843
508038
508422
525739
530097
531297
531561
535715
535956
536162
537060
537235
537714
541548
541853
542374
544298
548004
551089
551140
552983
557801
558393
560902
562401
563074
563544
563723
564268
566662
567656
570529
570633
572168
574124
574154
575765
575766
577160
578115
581809
582186
582852
584710
584737
585987
590423
590649
602897
608652
608838
610514
616008
618692
624020
624273
624782
625809
639245
640070
640296
644624
647364
656203
660268
660621
661251
661440
662162
662665
663646
663883
667160
668016
668356
671248
672309
672458
673336
674181
682084
684163
688931
689954
691228
691715
692378
696800
705192
722189
723304
725273
726156
727185
727364
728104
728328
728336
728580
729418
730306
743442
754245
756741
771586
772136
788250
790292
791160
791630
791717
793673
794979
795814
803537
804304
805254
809060
809348
811054
815142
815650
819804
821767
824345
837160
837669
840321
845064
852154
852570
853330
854117
857312
864656
866944
869249
874516
875536
878912
920658
935234
938040
941057
943144
946336
950470
952706
953364
967204
969760
999562
1020036
1052915
1053998
1061269
1066676
1069936
1073865
1074325
1074984
1075426
1081774
1082284
1088145
1088262
1090792
1090953
1093938
1094726
1098073
1102488
1105088
1108003
1108132
1115027
1115929
1117285
1119382
1124636
1124886
1125432
1128497
1133336
1135792
1141016
1148058
1148305
1150021
1154184
1155760
1158276
1158401
1166416
1171482
1173248
1175809
1180845
1181034
1182044
1184165
1184232
1185122
1189425
1198768
1203720
1209392
1217588
1220697
1220877
1224256
1229362
1237154
1250356
1254049
1257605
1261607
1271825
1271952
1287456
1294374
1313571
1315118
1317320
1324418
1327856
1328308
1344306
1362450
1364234
1372928
1376692
1377370
1378418
1379845
1381192
1390657
1401248
1430592
1433920
1435649
1441974
1442153
1444419
1453576
1454610
1462403
1477186
1491233
1512080
1513481
1513489
1585490
1587778
1598756
1613568
1615248
1631265
1645376
1647041
1666064
1691780
1756176
1836075
1836834
1843478
1876236
1966196
1966690
2168176
2179133
2237748
2243842
2298501
2429018
15148
25570
31336
35375
46636
58081
76107
76393
78296
82920
83591
101602
136137
166446
168401
170569
215441
232160
232966
234053
272779
273093
281042
287289
287622
289158
297772
299474
300582
300681
303751
303794
305572
311947
316177
316564
330294
331361
336206
345385
353426
354472
356545
364976
395295
399438
410409
415841
432228
443411
459533
465956
467596
528028
531651
535085
536083
539360
544408
547233
547462
553110
553731
557627
558876
564336
564372
565605
565937
566035
566821
567074
567650
575076
593124
593484
599145
623828
624742
656790
659547
662120
662275
665623
666700
666820
668456
669864
672994
676234
676513
682400
690707
690755
692449
693800
694593
707596
724612
726097
729369
732292
745752
790855
792774
799617
800809
801090
807570
810256
822596
824648
824841
828592
835928
856261
856488
860388
866400
920212
921376
958612
963080
967752
999946
1017874
1055798
1062504
1062983
1064197
1067095
1069707
1074236
1075936
1078322
1084045
1088268
1090444
1090772
1091218
1098767
1110177
1115293
1117578
1124522
1127188
1131334
1135720
1147299
1158168
1163826
1171587
1182153
1188382
1190128
1192131
1205064
1219594
1231138
1247386
1254419
1266436
1274624
1280517
1295632
1298692
1313333
1313927
1314371
1320086
1321109
1323210
1324108
1325380
1329825
1337924
1346884
1380128
1380920
1381398
1384837
1389185
1397952
1409264
1446724
1475234
1477132
1540103
1589618
1598083
1599656
1600515
1606171
1608856
1613914
1623824
1634561
1641036
1642886
1648678
1650833
1663376
1715240
1720391
1720963
1720984
1740416
1753633
1909266
1933827
1998981
2138794
2140931
2262403
2298065
2364236
2365016
2367631
2414849
2429014
2457798
2885218
172869
178232
246534
281033
283302
283430
330269
334417
363267
396441
402988
432166
446625
465164
495944
534031
546893
547878
555544
563080
568852
573835
577932
593553
602706
603428
606867
609812
631712
632136
660944
661036
680013
682136
688903
690833
722187
722880
745696
813616
820809
821650
822420
841776
852456
861221
918896
922661
951968
959524
987716
989232
993300
1073372
1074788
1087580
1100180
1116807
1117261
1131609
1180727
1188412
1190994
1214802
1247429
1248960
1253793
1261850
1262274
1279746
1282376
1317254
1320987
1335970
1417762
1453074
1456896
1475331
1575687
1584216
1641105
1643034
1712360
1717260
1719552
1773705
1836737
1856532
2139969
2261674
2311237
2327818
2392905
2433670
205603
275213
297797
377057
377281
396551
551017
562326
577642
598311
661785
667953
677012
706760
740160
753889
795941
950689
1060919
1062935
1070357
1079348
1091756
1159344
1216678
1383744
1448706
1458980
1459777
1657153
2369925
2384984
2400556
166725
624945
796179
806436
821649
1125650
1132709
1335858
1459088
547350
21741
35828
44423
51670
62005
64550
72886
81328
116045
123189
161837
194881
223346
246093
266073
270153
292436
328061
410070
424768
459989
486405
591534
606334
614145
647211
764290
778282
1540245
2106618
2153106
7093
8168
13561
14735
15755
18361
20422
22373
30254
30751
37583
38825
40045
40370
42171
45993
46929
48777
48836
52615
52886
53996
54844
56722
56932
59483
59516
59955
60741
63114
63268
67195
69489
69490
70871
73170
73483
76025
77947
78197
81452
86755
86979
88690
89382
89475
93648
94317
94765
98749
100011
100025
104572
110803
111127
111820
111954
113538
115898
117446
119494
119748
122184
122939
125329
125580
132541
134105
134703
134743
136948
138445
139887
142119
142954
143963
145196
145225
145234
146881
148701
150004
152409
152515
154529
155014
162632
165555
168279
172398
175689
178584
183465
189467
190098
195720
197751
199129
201517
206531
207329
213175
213357
216544
221301
223878
225636
230124
230252
233566
235938
239377
239883
241026
241232
241721
242716
243206
243782
249168
250980
251974
268140
269989
271031
271221
271275
275185
278779
279390
285331
288341
291668
295928
296377
299974
302613
305358
306884
320089
327931
328894
330198
335746
336604
342186
347872
349709
349988
352798
355852
356391
358208
360573
360907
363472
366677
369458
377933
378966
380973
383237
389889
398802
400292
401646
402093
402606
405392
408385
409789
415618
418996
421137
421154
426575
426806
430982
436673
436674
437276
442461
448593
449156
452099
452106
454930
458863
459636
460435
463189
470051
471573
475925
480644
481602
481666
485128
488453
491862
501953
502344
502416
508468
512268
512784
514116
516166
527783
528275
531313
532274
533223
533629
534743
534763
538986
539849
543629
543917
545206
547666
549547
552529
557975
559454
560553
560726
560937
562627
568335
569136
572256
576555
578853
580388
581993
587522
588608
590588
590833
591345
591470
594170
600930
604694
607089
611568
616073
620065
620582
621952
626869
626959
628612
645650
658638
659222
660844
663989
664300
665057
669378
670739
675013
679997
680463
683394
686106
688499
688625
689100
691223
693123
696525
702020
704032
705444
715936
722834
723257
724245
724584
729706
739420
749060
751776
752132
757976
758113
759330
759945
761933
764968
770249
771714
772376
773256
779072
782341
787414
790839
792141
795933
803227
805273
809362
809497
827628
834320
834432
838536
838560
839432
839950
840214
840835
844624
845873
848914
852127
856504
857892
858198
860844
861269
861724
866052
868836
869592
869778
873030
873483
877624
886216
886562
897192
899616
911366
919725
922726
923923
926105
934074
936610
950869
953217
958542
964617
966797
970244
974889
983610
984676
985369
987540
991337
993299
1005712
1050519
1051388
1051634
1056364
1056586
1058730
1062446
1064548
1066590
1071324
1071389
1076450
1080457
1083770
1087036
1092401
1099220
1114606
1115861
1130957
1131411
1148138
1152900
1157195
1168066
1170442
1191431
1205922
1224198
1226560
1229034
1232704
1242177
1245374
1260580
1270356
1271850
1286922
1294485
1301568
1312492
1316243
1317548
1320626
1327341
1334424
1335478
1344218
1347296
1367074
1374218
1400859
1401107
1402497
1402929
1411130
1442923
1450588
1460867
1474663
1478153
1485068
1485104
1492116
1492296
1493020
1495308
1499284
1499651
1519937
1524012
1528385
1546308
1576122
1590375
1590454
1598644
1617155
1644589
1649292
1660100
1663592
1678849
1685024
1707157
1710378
1712946
1730051
1738905
1772196
1802664
1894403
1901170
1912854
1922057
1922072
1926304
1966293
1976720
2105161
2139096
2307333
2321984
2393500
2425305
2468361
2544898
2892906
3155125
23950
27572
31442
36698
47555
47569
52837
53877
53882
55638
55885
61252
64082
73528
75069
76245
77266
78251
80612
87207
88932
89762
95410
104206
104779
105138
105868
108785
108954
117337
123555
127537
134045
138602
138806
142757
146833
147081
151154
153285
154296
165287
165594
166755
167818
169146
170285
171220
175698
176519
182092
182923
183382
183437
183446
183889
185990
186002
187778
189144
190689
202200
203209
204099
207155
208529
215198
218259
220428
221798
223832
232494
234188
235718
236582
239645
250954
251929
263134
265972
267163
267327
268771
269405
269607
272764
277204
280359
281302
287596
291125
293133
293157
295231
296845
299930
303978
304556
306275
307790
316024
316880
317765
319610
319699
319972
320710
321861
324361
330612
334456
338278
339267
342076
342570
342690
344493
346356
348618
350417
357538
357666
361306
362830
363670
363690
364144
364905
366755
366832
367153
367185
370528
378768
380999
381716
385039
389412
396664
400780
402742
404629
405625
406151
407008
411414
417320
418869
420752
429857
431281
436530
438722
440408
442549
450757
461351
463006
463465
463764
465052
468628
477709
477724
477972
479386
492376
494851
495694
496738
501004
501812
508248
511072
512148
512289
520708
524783
528227
529595
530677
531404
533877
537942
539084
539930
541791
542263
545437
546123
550006
550321
551310
555602
558326
559503
560753
562745
562993
563801
564521
566555
567879
568425
574945
575676
577218
580290
580770
581742
582745
583830
584400
586005
587025
587026
590683
591086
594837
598889
604810
607177
608476
609682
611373
612914
616556
617570
620176
623845
624750
625553
625892
626032
629382
629441
633926
639100
640664
641174
642369
642448
644362
661148
661322
663425
664308
668553
669876
670770
672611
673484
674905
678113
680897
685648
688565
689231
689941
693473
696501
697652
699146
699296
713260
713989
714808
722221
722598
722792
723794
726157
729371
733211
734257
737815
738660
739386
739442
754457
754731
756492
758224
758819
770609
776384
790370
794967
796206
796274
799033
799442
804518
805436
808086
809066
809292
810264
811787
813326
813334
816576
817193
817684
817760
820026
827846
828776
829858
832328
836890
837009
844612
850177
850178
852451
853744
856335
858800
860780
871476
876602
877348
877872
885964
888871
893203
901143
901701
902185
921955
926268
926403
926898
928521
930977
938524
940172
940418
942504
944650
946700
946880
950890
956489
983579
985418
985420
989378
991385
999523
1001640
1004161
1007104
1020052
1024776
1049463
1054636
1054704
1056454
1059159
1061557
1067675
1069374
1069812
1071509
1071828
1076833
1081852
1095553
1096777
1116507
1120161
1123150
1123174
1123387
1123390
1124978
1125020
1128785
1135412
1144337
1149515
1151324
1156904
1156944
1163477
1165420
1169025
1175752
1177120
1180922
1182620
1189490
1191376
1192680
1200372
1202227
1205586
1206470
1216760
1219116
1220819
1220852
1222170
1222940
1223749
1230983
1231018
1246521
1249708
1251477
1252002
1255481
1258884
1259696
1259809
1259841
1262364
1278324
1284420
1287840
1296466
1296901
1303076
1303106
1312311
1313435
1314754
1316505
1319860
1321370
1321586
1323434
1323795
1325260
1325732
1329507
1332024
1334372
1335955
1336288
1338913
1340166
1346947
1347097
1347184
1348037
1352902
1355861
1356240
1358624
1366340
1366561
1374280
1376501
1377835
1378477
1390613
1391140
1394442
1395106
1396875
1410386
1411636
1413898
1418392
1425498
1425927
1434122
1443237
1444045
1450946
1454125
1474787
1475697
1480288
1485121
1485329
1487492
1493552
1508899
1520134
1540419
1582534
1582742
1583222
1585483
1588001
1599249
1603864
1608641
1612177
1612310
1616178
1619224
1622204
1622484
1624658
1649089
1655865
1679588
1679689
1681478
1693440
1706346
1726732
1733377
1736983
1737617
1775780
1802375
1806361
1810580
1841737
1843628
1843628
1843634
1844508
1870034
1879052
1879568
1894448
1894466
1913412
1917636
1953840
1966195
1971364
1976856
2003028
2015308
2035740
2109944
2117165
2133356
2148947
2201040
2219152
2245075
2261901
2270040
2327242
2327318
2336789
2425555
2435972
2443728
2447556
2460212
2527410
2624980
2679307
2716034
2835090
2840586
21481
59811
60053
77014
87642
87896
91443
93604
96820
103246
106040
108174
109010
118054
119622
123760
134582
144499
145799
152365
158378
160978
166701
182501
185498
192738
203121
221582
221965
246668
256145
267869
275910
277620
283996
286600
287164
289107
291087
291225
305379
314154
320240
334962
335528
337513
340594
349447
352492
362268
365921
369833
377289
382056
404585
404876
405080
408968
410909
419894
422030
426918
435858
439832
443082
443794
445187
446659
447002
461854
466032
476427
478233
482352
494164
531580
541023
543263
543311
543799
544526
546350
550294
552146
552552
553246
563539
563851
565621
574095
576267
577176
578631
581817
584304
585960
599239
600347
601619
605488
609323
609588
613652
614798
616872
623259
625062
626369
627305
632466
632940
634008
634528
639094
640778
641504
643297
660171
666932
685204
693140
694826
701128
705411
706182
713756
721693
722701
729937
730251
732174
732322
733537
737955
738132
743476
757296
758086
758410
758805
772386
780321
789813
796775
797075
808280
810250
812848
819698
821806
821818
824403
825764
828722
839833
840980
841240
844850
848420
853834
854698
854698
856349
860995
869684
876694
885907
888002
889540
897328
901984
923738
923749
925250
926328
926595
934159
934850
944432
952067
952461
954537
956696
956744
967433
967490
975200
979464
986464
989318
991292
993364
994434
1021504
1024592
1059502
1068249
1084595
1090012
1091699
1102186
1119833
1125076
1131930
1131978
1145928
1149553
1150506
1155405
1156034
1165593
1167136
1167921
1169478
1189419
1190505
1192595
1193235
1201576
1202445
1202757
1209106
1213995
1215145
1217252
1217622
1228999
1235042
1235496
1237049
1238281
1247666
1263907
1282697
1295472
1320402
1321355
1322261
1325445
1329961
1348321
1352270
1362025
1385557
1393329
1394128
1398881
1426320
1443374
1444185
1445641
1447500
1447683
1449604
1452201
1463814
1464472
1466761
1474669
1476937
1477393
1499397
1579366
1646905
1672993
1709340
1723651
1749160
1780746
1803020
1841253
1846818
1863778
1871929
1903400
1980482
2118547
2170449
2171380
2220803
2261731
2277527
2295203
2303792
2437968
2442789
2476624
2640531
2728518
2964736
20254
27349
52117
55729
61681
102169
111721
157283
208276
221894
276291
307884
337483
337738
339538
352984
361393
364060
396935
408092
414889
418658
434794
450673
469106
500545
535127
539420
574349
574571
574861
575708
578213
603316
627890
629956
637344
665414
668764
677018
677540
689805
692890
694088
697894
721799
729545
774248
790403
797996
800308
802322
805541
806441
815133
824548
825882
835891
838242
839860
840756
844484
855324
860743
887833
889394
924001
927122
957698
987667
987686
989234
1018388
1079323
1079342
1093258
1101340
1104304
1106755
1112168
1133850
1148515
1165668
1172592
1214922
1233074
1250506
1250530
1255633
1258546
1264273
1279243
1279873
1349196
1353380
1353900
1360773
1381681
1415244
1447462
1455201
1466818
1475304
1477072
1477684
1477891
1512469
1595202
1598642
1601705
1603658
1624393
1651267
1661002
1706774
1718801
1774740
1781120
1845326
1849386
1853252
1860712
2150833
2209904
2235676
2286020
2302386
160826
300437
315857
545619
546863
562327
567467
597276
597393
603444
612395
627097
639427
790279
808492
836449
858393
1071198
1204835
1350946
1355941
1447776
1459378
1474996
1600052
1657164
2327609
2402858
2446000
551989
627401
726370
825638
1158248
1395362
1524640
2759841
1230424
11251
12266
27640
30095
36811
77199
110473
112530
114562
163504
196176
230559
258071
266975
294692
295915
326698
346034
444447
450336
505349
510221
514565
622209
693105
702400
703501
731198
794025
794532
813358
864303
1040421
1059324
1059439
1063277
1077851
1092028
1105482
1180527
1302708
1309312
1343711
1409341
1639262
2719933
14291
14313
15292
22254
23413
23540
25086
25407
29147
29903
30014
35821
36463
38135
39767
40111
41971
43898
44347
48844
51519
54383
56230
56871
60943
64284
69357
77038
77050
77525
81197
82871
83295
85237
86263
88547
91875
92475
95941
96084
97062
97482
103341
104300
109363
111773
113569
115179
115517
117085
118435
120013
122630
128368
128456
129140
129163
136151
136815
149422
154566
159927
162922
164350
164703
166396
168765
170428
170930
171972
175526
179506
182431
187539
198077
198351
199915
201461
204210
205557
209086
209199
209396
213911
214457
215327
217028
219246
219378
223279
226984
227853
230523
231276
233130
236822
237194
237201
239119
242253
242872
243489
246095
253010
254417
254518
258598
259601
260626
260674
265963
266102
266169
271998
273849
275960
277271
277402
281334
288692
293670
294665
296934
298229
301483
306097
306462
308856
319304
319707
320213
323345
325804
326984
332509
335576
335809
337382
340346
344819
345011
345325
348004
348255
350152
351751
353596
358040
358818
358988
359240
359690
362655
362799
362926
364117
373326
376004
378792
380990
382501
383053
383111
387349
395966
397284
397663
399155
399308
407980
410108
412446
418959
419252
420910
423250
423256
423476
424986
428995
429227
431043
432624
434652
434905
435783
440524
441128
442741
444510
449169
452694
452952
455308
455320
455873
461290
463828
466340
466848
468359
488067
489514
492389
493926
494281
494440
496171
500577
501901
504843
505384
508462
508558
509034
510091
512581
513052
515202
520836
523520
527087
535484
539443
539558
543214
548499
551518
553716
554135
559034
561066
561885
567129
570675
576167
589122
593141
601198
601923
605122
605507
605509
609969
611782
612065
612893
612984
613176
613314
617952
619591
622212
623287
623806
627427
635068
635576
643638
645769
657021
659149
661350
662746
665584
670006
670102
675242
677297
683589
686133
694150
694558
697235
698777
699800
700729
705849
706276
706512
711972
715814
716324
716560
717852
718339
718883
725111
728912
730081
730850
734146
736548
738249
738478
744524
745056
747928
750641
750730
754902
757092
758595
768578
768832
770107
770393
774316
775044
775554
780362
780818
788217
788429
794277
794405
797542
800556
801114
804510
809231
810657
815008
817683
820623
826637
829838
830060
830854
834586
838923
842505
848013
849989
852446
854331
856877
859745
860255
860636
865155
865834
867716
869100
875456
882434
887055
887055
900416
902729
902760
907472
907656
912144
914500
918006
922348
923289
934826
939539
942197
942441
943780
943937
954585
954907
957509
957510
960385
960647
964677
967324
968824
974933
976909
977476
986410
987191
991790
992299
992341
993089
994051
999864
1000140
1012741
1018022
1020942
1020947
1022529
1024184
1026272
1028688
1028865
1029380
1032293
1036434
1051582
1054171
1067707
1074599
1076519
1083835
1087915
1103301
1115743
1117926
1118105
1119094
1121685
1122092
1129283
1133014
1136592
1146124
1148402
1153117
1153325
1169281
1177673
1178272
1178784
1185241
1185981
1188559
1188838
1191904
1197940
1202616
1207068
1209898
1224513
1226275
1226823
1228321
1249093
1252816
1256732
1257813
1259169
1260356
1266802
1279638
1279690
1288771
1291554
1292609
1292872
1295689
1295824
1301264
1301280
1304838
1311599
1311614
1313724
1315535
1316206
1324377
1324583
1326630
1327595
1327597
1332937
1345365
1370800
1370976
1377209
1377526
1394831
1395632
1398811
1399948
1409939
1410333
1410362
1413560
1416724
1417743
1418040
1422448
1434757
1437860
1444061
1448523
1472523
1473034
1474877
1476949
1504516
1516753
1521284
1528845
1529377
1542354
1569793
1587757
1608937
1611124
1641301
1645409
1660353
1660547
1667354
1672309
1672658
1706713
1722471
1731970
1739822
1749049
1756234
1759494
1765912
1767744
1778222
1779866
1781783
1782339
1784841
1807107
1849932
1876588
1883394
1889832
1917113
1919089
1928212
1940098
1947777
1951770
1990679
2013204
2048184
2048312
2118971
2152229
2308629
2327955
2349952
2367021
2371468
2403098
2409142
2448403
2469903
2479408
2754172
2816544
3287008
3365002
3459297
14971
30521
46009
47341
47992
48357
57012
61630
62585
72891
79645
95202
96485
97161
102055
107470
109932
113112
113817
114066
118188
118326
118377
120628
121712
124641
125354
125354
141663
145788
150990
155290
156910
157302
157903
158547
159283
160618
160830
161307
162381
171622
171913
175197
177369
177624
181219
183914
184950
187192
190693
191800
200674
204012
204402
206313
210284
214956
218476
218932
219354
219512
219811
220112
223032
226838
226844
228144
231097
233885
235212
235678
237444
239508
242010
243252
247435
250848
254692
257188
265966
277661
277724
281586
286291
287582
288626
290405
293654
305614
306531
308507
311742
315854
317020
317924
322606
324195
324436
326802
330716
333300
333748
337722
338267
340405
342407
343448
345454
345895
348815
349912
350393
351002
351050
351514
355154
356969
357080
358740
359648
362360
363256
364134
367766
369013
374057
378391
379219
379290
380490
381593
382106
398963
399029
400563
404766
407961
412890
413592
414255
414366
414487
419057
419118
422756
424138
424206
428522
429177
432980
435514
447689
455778
457761
461261
462426
463631
464737
466784
467735
468277
468588
468664
470796
471836
475323
475373
477277
480920
481120
481799
483514
483737
483982
485462
487044
488321
490056
490244
501909
510531
515138
518420
537719
543567
549693
549753
549880
552165
552297
561615
562153
566190
566233
566686
567111
567238
568678
571699
571789
574444
574891
575189
578347
579118
579378
579426
580185
580440
584459
586379
588450
589324
590781
596691
597891
599375
601330
602471
602539
602767
605124
609989
615503
615539
615642
616905
618830
618893
619746
620060
620232
620658
624286
624430
625648
627065
627682
627991
629305
631691
632079
632744
634306
636554
640122
640333
640913
641148
641675
643103
643286
645425
648088
649420
653331
665147
669616
670027
670889
671560
671560
675441
676631
676979
676985
677592
678694
680665
681670
681741
683188
683361
684125
684821
687118
688927
693194
695061
697525
700525
702248
706063
707490
708376
710218
710592
711448
712883
713493
713877
714866
717354
720136
723861
724630
727134
729721
731229
732770
739018
740832
741946
742427
743699
743873
745882
747176
749955
750093
754597
755900
756103
757033
760134
760609
761392
762645
763058
766346
768328
775824
790138
790456
793457
797803
799187
799665
801891
801900
802339
811753
811892
814723
817026
819835
820879
821965
822115
826668
826908
828262
828652
828687
828729
828780
830003
830156
831280
831662
837210
837524
838770
839212
842051
842289
845506
850116
852845
854205
855651
855864
856254
857940
859226
860602
864910
866508
869733
869990
878817
879042
880756
881029
886550
887280
889031
889320
889401
891532
891784
893609
896832
900360
901909
902167
905483
912424
912516
922398
922473
923049
925128
927374
927633
928029
928307
929823
930333
932165
932449
934462
934710
935467
935537
936652
936816
938945
942932
943792
945684
946580
946723
949282
951125
952651
954765
955562
955973
957477
960837
960929
961292
961684
962769
963808
963843
967018
973065
979205
985436
986698
988190
989537
990096
992588
993574
993634
997414
1002252
1004000
1006209
1006209
1008678
1009440
1018918
1023009
1042960
1049087
1072725
1076705
1078982
1084878
1095128
1103282
1105208
1114878
1117676
1121764
1127126
1127766
1132235
1135219
1135767
1142843
1143205
1145884
1147134
1148758
1151291
1152865
1170514
1172148
1174690
1185701
1187653
1188477
1191705
1193302
1193621
1194890
1200491
1201805
1205688
1211148
1214014
1214899
1215605
1216452
1218164
1218957
1219489
1219980
1222972
1223524
1227916
1230546
1237575
1239619
1243300
1245911
1246700
1248178
1248994
1251501
1252886
1254360
1255668
1256508
1257105
1258373
1265786
1266227
1268870
1271113
1278836
1279086
1285393
1293336
1294875
1296780
1298509
1298762
1300098
1300128
1304646
1304961
1306662
1315231
1323445
1323854
1324441
1324615
1325651
1326374
1326627
1328702
1330994
1332690
1339687
1340210
1348568
1350671
1351080
1354565
1355112
1356173
1357446
1357728
1358241
1358280
1358350
1365546
1365920
1369611
1370218
1370352
1379435
1379987
1386606
1391877
1400032
1401674
1406544
1407252
1407272
1410673
1411641
1412305
1412436
1417421
1421058
1430625
1434257
1442519
1442774
1443059
1444443
1446350
1449572
1451828
1463435
1466825
1473048
1476153
1483149
1483377
1483892
1485356
1488005
1488033
1494296
1497164
1503440
1509483
1513550
1532264
1546448
1552649
1557577
1590831
1591631
1593834
1628741
1633812
1635716
1639283
1640357
1643889
1659244
1682502
1683570
1712602
1731093
1738720
1747304
1749580
1755466
1759761
1762114
1771289
1775984
1777894
1786310
1800452
1810884
1813761
1819157
1825808
1836591
1851991
1852888
1853723
1860513
1862663
1864234
1864780
1878659
1901735
1904210
1910038
1925800
1936208
1966940
1969436
1976710
1979204
1983518
1988664
1991433
1994241
2064483
2119094
2127302
2133955
2163691
2166202
2214569
2223936
2239893
2257067
2268722
2270323
2270435
2278348
2295598
2304313
2306296
2366667
2373488
2390793
2395229
2426356
2497940
2701453
2713354
2877505
3193744
29607
30680
31466
31806
44010
48376
56109
93753
96826
104306
108444
111734
111980
120409
121913
128464
138614
154791
155466
156559
160696
175338
177363
178988
179553
206322
211762
218003
221805
223635
223635
225395
233328
234418
250042
275829
276795
277703
285335
288242
292979
298702
304941
308076
308908
339372
340423
341460
345375
346535
347798
350563
350825
350825
357856
357932
357932
363365
367284
367448
370458
371556
374316
381276
382753
385085
385148
403945
405091
407010
416361
416395
422258
429235
432810
434805
436899
441040
447302
450932
457600
460515
461483
468537
469669
474690
484131
496790
498276
510099
514146
539001
540217
544377
549372
554550
561094
564466
565629
572129
573885
578003
578034
595550
595659
603731
608083
608232
612140
612593
618611
628378
632645
633553
633669
635587
639610
641565
641611
641926
648067
650289
661195
662171
669916
681366
681622
684838
686673
690810
691399
691769
694964
695410
701709
703060
705958
706802
707018
713900
717580
722393
725837
728227
730777
732964
734772
734913
736017
739212
739479
740304
740883
740902
741798
742954
745869
746885
751264
756084
758350
758996
762676
763240
774794
778864
783400
798907
805659
809262
814532
815403
815514
815818
827735
830245
834712
838882
840293
840489
840755
844984
845002
850212
850305
857150
859537
861351
865930
869683
870023
873742
878180
886330
889970
891188
914472
918499
923588
924468
929076
931900
935481
938802
943313
944244
944433
947214
954707
954836
954966
957761
957764
957768
958631
961169
984548
986914
992073
995482
999846
1000289
1004074
1008096
1017369
1036482
1091707
1094349
1094765
1103081
1103686
1104998
1106135
1106854
1108425
1115389
1123031
1128218
1137098
1141038
1149177
1150405
1150542
1154140
1154657
1157923
1159636
1160739
1164939
1167673
1169580
1195248
1195572
1198302
1198509
1198891
1199420
1202333
1202531
1205335
1206499
1206705
1208073
1217257
1218922
1219676
1235284
1238188
1254866
1264835
1264924
1271089
1278917
1279844
1280376
1283595
1296131
1297096
1297930
1321149
1326222
1331152
1331676
1333403
1334347
1334736
1340467
1348073
1350002
1358560
1368684
1378639
1379607
1384875
1389257
1393333
1404226
1411916
1414258
1418293
1436418
1453191
1456330
1471169
1471600
1477034
1477226
1481747
1485333
1491117
1491440
1507933
1541443
1546848
1595768
1596353
1597062
1598321
1645660
1661608
1684632
1692049
1733266
1733732
1739448
1751264
1755976
1773747
1778353
1798338
1820836
1840952
1858697
1872438
1872953
1878182
1904826
1905784
1915524
1919208
1950858
2133563
2178119
2201691
2243642
2275385
2281779
2295537
2316365
2328012
2336402
2343303
2396510
2405716
2430881
2450864
2626671
2716745
2823813
2925718
3485801
85710
93018
177507
204341
216530
285494
293108
363480
369498
373865
396699
423138
437578
468197
548235
553179
572101
579123
580709
585886
587836
601243
605734
615214
627485
635235
668765
669580
685281
695621
707372
710064
724696
732249
734285
750304
799803
805797
808109
811215
813722
817377
842122
874581
935370
938610
944692
953960
955692
956710
959267
989664
991635
992837
994192
1020516
1076621
1091277
1109315
1130308
1143117
1143690
1154828
1158796
1170488
1194255
1203365
1208435
1209929
1235222
1237219
1237594
1320395
1329335
1337574
1338510
1354076
1354569
1389837
1393325
1411469
1415521
1429841
1451461
1453272
1475946
1477923
1486954
1491053
1491816
1513697
1598667
1601694
1630662
1641255
1672499
1680996
1718854
1772209
1778982
1842233
1910057
1917354
1981953
2034882
2214804
2303590
2501724
2508260
2710612
354665
367258
435621
510408
613525
635570
649696
677285
809413
811875
814476
825033
859420
895082
953994
1003328
1101414
1202521
1229763
1231282
1264806
1361229
1454876
1609101
1618011
1848089
1884771
2142397
2152668
2315092
2381079
2440233
2722197
154926
161082
225720
938793
986502
1202981
1723300
1858092
2516070
1368732
1453450
7039
31963
51189
59055
106197
121487
142143
255303
311110
334205
438398
454995
514834
529279
546043
546547
555877
556437
593878
598523
636693
654752
870904
897358
914051
972949
1056715
1308036
1375936
1647085
1755422
3452990
10237
27517
28615
28621
29686
32303
36854
38887
40878
50686
55767
57005
58622
76663
77564
81749
83199
92021
93757
97130
108505
110183
114593
129923
130220
130504
137206
146893
150909
152507
162007
162645
169435
169843
170986
175092
175604
179418
179510
182943
189839
193351
195685
202095
206199
216013
216127
217590
220711
224195
224907
226101
228692
229002
232405
233317
234870
241759
243064
243370
244365
244807
247414
248246
251085
251277
252175
252302
254889
257624
259724
266227
277167
278323
288111
291631
293581
294221
304110
309224
310669
310883
313598
315519
315639
323369
325173
325739
333630
342883
347001
349110
352762
360958
362229
365231
366844
368174
374547
376101
378547
386709
387523
390760
391369
395767
399228
403131
405306
406443
423764
429293
437169
438168
442132
447582
448924
456936
457316
458001
463723
466849
468214
471278
473686
480696
481423
483631
484700
489250
489861
491839
496758
501078
502811
504643
505605
508633
512598
517584
518820
520308
521254
522281
522848
537469
538099
538489
546171
546173
546174
547818
548507
548806
550780
551389
552570
556380
556710
559807
560987
564212
567225
568125
571110
572573
572838
579553
581289
585672
586473
587116
587596
589002
592703
610009
612751
621113
628925
630610
631262
635486
638292
646669
649803
650928
652363
653008
653893
660411
665039
665207
673405
673525
691659
697317
703890
711986
712513
714011
715853
716957
719052
719619
720024
722111
723567
723925
726002
726483
728993
729000
732144
738542
740336
740526
742159
742641
746101
747663
750727
752834
753917
753917
760470
760583
762828
764007
766914
768090
771308
772817
774947
780819
780835
783044
783493
784001
784770
785696
792057
795839
800335
802228
802443
804595
805358
810189
810387
810804
818345
818377
818516
823148
824186
826282
827893
828374
831171
834465
836061
837482
837821
837919
841570
846871
849421
851017
851489
854509
857454
859082
862926
863153
866659
871644
873531
875460
877726
892578
893849
894741
900740
903199
915500
925094
926174
926187
928923
929744
935765
943956
944655
949584
954245
959346
959694
959948
960559
960636
961063
961411
961761
962016
965766
969751
970625
971877
972101
972562
976911
978528
979098
979221
979282
979730
984933
995479
995514
998162
1003822
1024684
1027601
1036572
1037361
1044995
1052653
1071357
1071735
1072974
1076724
1080760
1086846
1088442
1090807
1093427
1097507
1099131
1103094
1112742
1118043
1119611
1120764
1121995
1129208
1131501
1133038
1142566
1146179
1169784
1170840
1170955
1174384
1187290
1187635
1192918
1203128
1207778
1223139
1224579
1226298
1249010
1250669
1250670
1258775
1259425
1278767
1291434
1300771
1305380
1308945
1309705
1316215
1317693
1325399
1326428
1329901
1330365
1333659
1341782
1342987
1351107
1362659
1363384
1366392
1377999
1390469
1399685
1400345
1408580
1412412
1412584
1413025
1416132
1418212
1437812
1445179
1449428
1451229
1458555
1468509
1478245
1482251
1484334
1493333
1498696
1526102
1527564
1527932
1528289
1528304
1536180
1537068
1538436
1541529
1546325
1560725
1564947
1593133
1596699
1628648
1641085
1642863
1660685
1665103
1668365
1669261
1672149
1711693
1729198
1732949
1746828
1748163
1753199
1772217
1781822
1800728
1816740
1827109
1846947
1858512
1888287
1890420
1898144
1905509
1907735
1912288
1918194
1937596
1944071
1951043
1967978
1971944
1973577
1987642
1988666
2054466
2142184
2176374
2177970
2181622
2211496
2227400
2444487
2514183
2601172
2924703
3438615
3978259
43899
48054
48876
59384
63719
72571
75583
77231
90025
96939
97509
97752
104253
108459
111451
113365
121039
128376
129776
130708
154333
157303
159443
159608
175740
177594
178643
179310
181103
183246
186092
188182
192312
192637
193319
202423
208117
210794
219770
222457
225717
225947
225997
233053
233887
234199
235448
238267
243107
243109
244844
245013
245074
247597
247609
249684
251844
281565
285815
286975
289654
290262
291515
292566
293331
293771
308047
310726
316331
318163
321457
321947
324723
325852
326940
333495
342382
342458
349598
355539
356138
356601
363741
367059
369529
371863
372184
374226
382067
384688
399023
408917
413575
418677
427989
429305
433735
443966
443983
445607
447543
449764
451131
457072
460525
461798
463612
463998
471507
472970
473262
475885
477658
478323
484771
486938
488211
497978
498853
500924
503137
503592
505312
505883
507457
510313
514642
515624
518426
520249
523360
534267
539610
539636
547307
548780
554726
556265
563943
567547
571896
572837
572882
575951
577117
578351
580487
580759
584562
589350
591679
597179
597551
600507
608731
609018
609117
612149
613348
616735
618042
618097
618131
619434
620947
633291
634259
639230
640486
642393
644713
646215
648936
649621
650160
651884
652490
652807
659247
661175
661370
662175
662780
663143
667109
667307
675613
679257
684157
684443
685466
686032
686520
686862
687784
691686
693222
695732
699151
699825
703713
707900
708156
709874
715203
716099
718722
719512
723678
723693
727454
727886
728298
731597
732614
735893
735898
736370
736538
738639
742093
743672
743965
745108
749105
750158
751639
752420
753026
755399
755531
756581
758110
759028
759443
762071
762744
766412
770711
770745
772840
773654
774358
775904
777362
777512
778333
779924
780874
796664
802358
802417
802595
805591
805799
805880
807613
808677
811507
812984
814727
814796
823153
824806
825018
825771
826492
828327
829037
829940
830031
830697
838957
839340
839995
840365
840645
841239
845268
845699
846537
846729
847367
848338
850260
854651
858866
859817
862901
863339
866136
866426
869151
879150
884016
893243
893397
895565
896652
897127
897331
898131
898852
899281
902378
903292
903892
905430
905878
912096
915988
919019
924124
924346
927418
929573
930414
930428
936846
937396
938488
939366
942397
943800
944065
944423
945191
947617
948836
952541
952793
954493
955338
957500
959037
961932
965379
967861
968372
971803
975081
975420
976163
986572
988445
991454
991519
993626
995486
1004313
1004392
1005958
1017237
1022117
1022401
1023138
1024285
1035308
1035785
1036931
1068999
1080550
1089134
1090991
1099509
1104159
1107367
1110679
1110742
1112730
1120229
1129267
1134540
1136890
1139667
1141651
1143033
1143610
1144406
1152963
1157939
1161029
1164123
1167268
1169201
1176180
1176936
1177708
1182206
1187572
1198767
1198963
1201006
1202132
1206214
1206218
1207651
1214396
1214783
1216118
1225845
1232489
1233141
1243674
1243721
1244744
1248883
1250007
1251574
1251820
1255900
1259053
1259881
1266845
1272740
1272988
1280934
1291291
1294957
1295033
1295667
1303384
1304116
1304711
1319923
1322964
1324953
1325530
1326375
1333022
1335068
1336053
1336693
1340873
1348540
1356650
1361710
1361873
1363192
1366317
1369987
1378151
1378655
1381811
1381947
1388915
1390836
1394223
1394355
1401167
1401461
1402973
1404294
1405500
1405890
1411261
1411485
1413026
1415416
1417311
1426205
1426251
1428586
1429066
1432216
1432232
1434836
1434908
1437189
1437376
1437846
1442551
1447740
1454395
1456794
1461590
1462638
1468201
1468884
1472872
1473697
1483898
1487516
1489496
1491182
1492295
1492586
1495157
1496241
1498210
1522198
1526904
1536135
1542429
1545322
1549351
1551385
1565068
1589951
1594703
1599738
1602955
1609319
1610701
1616110
1630423
1634966
1636629
1641694
1642294
1650136
1657294
1659251
1659702
1672677
1673714
1676601
1684118
1688522
1699600
1702688
1707374
1707613
1721239
1723605
1728276
1733135
1734025
1757239
1757302
1762055
1770938
1778417
1791561
1792736
1806430
1806757
1808681
1809186
1815077
1820312
1826050
1839993
1847655
1856181
1864372
1866026
1870556
1870787
1886803
1887626
1889400
1893429
1923226
1923621
1927197
1935593
1938089
1953849
1954872
1958158
1970421
2016488
2119612
2125436
2157411
2176797
2182571
2199002
2216299
2221731
2259143
2270138
2275975
2298620
2320852
2327383
2350356
2378606
2378714
2385270
2386417
2436323
2483980
2561889
2581162
2652491
2683086
2685522
2760342
2816321
3114338
40399
80807
89013
89517
89945
95181
112238
120666
127476
127673
146750
163043
178839
184122
185181
186679
189806
191374
204382
207858
211182
218089
224963
238330
239226
242636
251345
257137
268254
276985
286393
300974
307957
308439
314063
318259
321244
321695
322739
325209
350567
358558
359114
359128
363373
369879
372396
373110
375853
380250
399262
400237
408377
408948
409029
414909
422840
439117
444266
444357
445749
445991
449194
451057
451795
451989
454717
462535
473395
476395
478749
482598
482947
500154
500678
510704
548078
551351
554460
561123
578683
579427
584103
588131
601035
601331
603371
613098
613470
615149
616798
617166
619181
621865
626285
627311
631674
642265
642744
642860
645299
649184
652513
659399
670905
677782
684603
693619
695355
699109
701131
703253
709326
718248
726513
726764
728151
728181
728300
733998
738670
740057
740761
741723
742582
742840
744086
744604
745883
749987
751042
755510
756216
759125
760428
770428
773348
775284
792043
792478
815229
822845
825751
826994
829818
832333
832946
834713
836207
841305
848099
848102
848585
851056
853993
858471
859445
860044
862023
862035
863829
865683
869694
873148
877454
878008
879017
881989
891035
891587
892516
897506
900152
901494
904760
909598
909854
932188
937165
938467
939690
941354
944849
951765
952570
954603
958964
959849
960756
960978
962179
962861
969829
987695
990499
1004202
1006882
1016547
1025190
1025190
1029396
1064254
1072501
1089481
1091431
1093885
1096766
1107865
1143702
1150917
1158505
1160078
1164276
1164750
1166733
1168614
1173907
1175785
1175985
1181599
1193671
1203172
1206764
1216339
1222121
1225421
1234729
1250715
1253142
1255370
1256153
1256591
1260710
1260753
1264435
1294558
1297521
1304696
1322171
1337786
1343256
1349213
1354933
1358492
1363158
1387190
1387222
1390119
1390227
1390709
1393642
1396434
1401580
1405340
1406376
1410621
1412018
1412721
1414318
1422618
1423638
1426865
1429563
1431314
1433827
1435858
1445175
1447517
1455516
1469105
1469709
1470929
1471384
1477586
1481893
1509597
1512678
1518364
1587805
1605253
1619672
1653108
1658157
1659612
1660115
1670155
1680563
1682189
1690170
1694116
1715060
1717421
1717603
1724227
1731017
1731944
1790636
1797127
1804823
1812320
1820947
1840083
1844966
1864860
1865830
1871495
1890403
1909406
1926052
1929996
1931793
1935020
1938280
1950960
1968971
1983801
1987132
1995888
1997841
1997860
2015916
2024724
2073700
2129466
2143923
2317641
2346881
2402773
2412979
2460570
2462109
2498168
2542761
2605327
2827415
2903605
2995267
3172185
3269737
3399758
121654
127612
175574
179572
223075
302415
306859
319036
378723
431015
432797
439651
447157
447849
482984
488164
518482
552845
554426
556813
603853
605305
605771
613082
620901
626573
633515
636115
667555
670255
687410
704168
706230
717496
723863
732462
742571
745819
755164
765272
816693
838602
840934
841910
846956
863323
866770
867619
871253
873897
874844
875053
880860
901486
902492
903283
926705
939692
941641
962915
975344
986908
996296
1003146
1004008
1096366
1104565
1106411
1111579
1121595
1136823
1136827
1141684
1150519
1160025
1166541
1166746
1172426
1200766
1203109
1206575
1207603
1207835
1211632
1214351
1243736
1255909
1296842
1300657
1306849
1333078
1337062
1357732
1364303
1366355
1367224
1390417
1393327
1399083
1412889
1416369
1422729
1427916
1445848
1447339
1455207
1455646
1465524
1469226
1599614
1601782
1603129
1680199
1741778
1746388
1750122
1755539
1759409
1780578
1781544
1842160
1850691
1865940
1882480
1907769
1913962
1997953
2036501
2052436
2176437
2384867
2419820
2443150
2461229
2474866
2493566
2956045
2972994
155031
247523
351066
371893
438963
496586
552731
556679
601391
733875
776408
824911
827081
829015
837223
849136
862162
875098
889305
904648
991730
993059
1125679
1207079
1286889
1355053
1402712
1412037
1599427
1621189
1644427
1790388
1805538
2343567
2445911
2463132
335687
975288
1145111
1172209
1218895
1239342
1389395
1220179
1603342
1787601
129715
151531
224319
231871
260397
363135
429043
460511
520410
588973
684002
693238
823254
900994
940871
1034295
1325042
1338853
1408801
1482689
1832998
1856731
1971923
44542
46075
52159
52479
56828
63039
73591
73717
101885
110203
126543
129423
129583
130358
130396
156159
166907
175823
177117
182231
208373
209279
222589
227226
236522
237397
242163
250047
251167
251279
252646
256795
259662
278199
289983
292732
299967
301535
309741
312255
317821
325489
326766
327337
327522
333247
343383
357967
362879
364473
368085
376419
383135
390068
391286
392402
392844
408983
429975
441235
442072
443133
445178
451231
454422
456019
456999
457066
464347
469754
481221
488975
489229
491027
494317
501855
502131
502579
506183
506635
510139
516687
516910
517454
518364
519814
521483
521665
521754
522342
523144
523440
532461
569243
569983
570607
583418
588595
589714
597343
597870
605869
607487
611773
613997
615389
621895
636387
637173
645880
650635
652853
652965
653154
654726
669023
669054
679416
691069
699707
700314
702417
702589
703271
703909
708536
714676
718533
719437
720166
722903
725935
733883
734039
740281
747287
753552
760675
767292
769113
771507
773211
775478
776843
779478
782934
784017
785220
785953
789501
792551
793341
794554
797503
800501
804575
808379
812471
814569
815805
816971
816979
825583
827331
830587
832829
835214
840799
843728
851732
853743
855987
857563
858431
859319
862172
867192
867213
871353
876791
877427
891485
896992
898199
898334
907836
908884
910987
914006
916680
930607
931119
935355
937086
937706
939450
939582
942333
942814
944037
945246
949003
954943
955257
956766
965715
969131
969131
971004
974628
979350
982149
982156
982161
990030
990642
1001070
1008531
1010745
1019348
1020015
1020852
1021794
1022606
1023396
1024343
1029898
1030159
1030922
1036977
1039412
1068783
1075055
1076861
1079270
1093183
1103101
1108941
1109746
1137638
1145678
1145683
1146800
1162186
1176174
1209848
1212328
1224347
1233311
1244577
1248237
1249242
1273374
1291945
1292963
1293894
1301827
1301833
1307797
1309569
1324011
1325437
1326828
1335098
1350634
1356605
1363907
1368822
1375684
1377759
1381246
1384376
1385199
1387741
1390811
1395837
1396153
1396927
1399603
1402429
1405549
1407841
1408960
1411021
1413566
1417154
1423463
1424934
1432103
1432845
1434426
1445215
1446591
1447910
1451709
1457043
1466246
1475199
1483750
1491197
1497032
1502982
1503637
1516499
1529103
1533169
1566222
1583867
1609205
1628988
1645434
1648315
1666835
1669992
1685647
1698839
1725851
1729199
1748452
1759518
1782667
1789022
1793826
1795554
1865369
1887208
1896069
1910492
1924064
1928993
1946654
1949224
1951322
1983349
2010254
2020802
2051117
2068651
2075011
2225485
2237919
2379756
2408140
2459578
2689979
2835519
49054
56826
81583
97103
97518
97709
97973
113951
114588
128822
129754
168927
173039
175055
175866
176623
187130
218493
226139
227487
228747
236505
236855
241547
247230
249816
251229
252533
254894
255909
256606
282543
305085
306543
307087
308605
314295
317687
323427
327197
333559
341819
343135
345471
346878
347630
348021
351477
354251
356851
358559
368470
371871
372167
372538
379567
380284
380589
385885
386207
387534
388379
391499
400638
419574
421848
422897
433587
435175
440014
445173
448157
451435
452375
452550
453019
453577
454041
454843
456545
464828
465815
472733
484699
485352
486882
494074
494494
494655
495435
495461
496506
498869
498870
501564
504666
505613
505644
507218
508647
509358
515402
519648
521784
538527
539133
554986
563455
572734
573227
603863
605399
614197
616767
621726
626395
629237
630627
634601
643827
645564
647645
651723
654413
678649
684974
691182
699995
702575
703464
703946
709755
713965
716257
716272
716366
718072
718629
725943
730558
731068
732779
732843
739131
741049
743547
743667
746488
746957
747989
748702
749883
750501
751404
753264
755189
759418
760305
762109
764657
770550
771814
771897
772526
775906
776302
778966
779626
781341
781363
793565
810710
813003
814503
818582
818627
823003
828670
829871
830905
831442
832935
832947
838393
838973
841069
843209
845147
846070
846677
847538
847762
847762
848565
849580
850521
850598
851027
851098
851346
853751
855855
861871
862431
865645
866667
874195
875611
877663
882326
882887
883283
883770
889207
892118
895910
897437
897933
898460
898865
899537
900036
902780
904162
906650
910060
911058
911631
912647
912786
918495
924601
924633
928831
933205
936945
937897
937897
939437
941988
942941
946144
947060
947539
949649
952029
953581
953691
953817
955229
955868
957170
958308
958927
959725
961946
963463
964017
968525
971732
979485
980417
981604
981635
983543
986549
986963
990058
993627
993694
994524
994538
994970
997139
997740
997941
999076
1002046
1006179
1010219
1010262
1011492
1012878
1013044
1017135
1019601
1021071
1024726
1025400
1025932
1026169
1026289
1027147
1027173
1028277
1029516
1029681
1032682
1033529
1035148
1041946
1074171
1089402
1095099
1103695
1104247
1105694
1111907
1133549
1141715
1143763
1148399
1166671
1177647
1178389
1185695
1193391
1194903
1195954
1200894
1215482
1223287
1227717
1230834
1236762
1237884
1241631
1242653
1242740
1243073
1247166
1252299
1255199
1259055
1265269
1272123
1273951
1279726
1279955
1284443
1285422
1288435
1292016
1295159
1302023
1306854
1307795
1320431
1331037
1336247
1339773
1353079
1363811
1365817
1368569
1375793
1387505
1388018
1391036
1393399
1395189
1402093
1405741
1406181
1407196
1411050
1412947
1417105
1419737
1421939
1422165
1423828
1424296
1428302
1432333
1435949
1437520
1453797
1457319
1459699
1459955
1463253
1463661
1464244
1469906
1472420
1473190
1486072
1486659
1487478
1493391
1495418
1496522
1496843
1497203
1498382
1503541
1503857
1510140
1527141
1531468
1535204
1542892
1545402
1545443
1546637
1548128
1557294
1564943
1565478
1584110
1585655
1601337
1609531
1613808
1615767
1617820
1621720
1621767
1624825
1636459
1651697
1659999
1661667
1662157
1667183
1680882
1682583
1684154
1691331
1703712
1711451
1730103
1731954
1745743
1756596
1758093
1759546
1762063
1775600
1778620
1783619
1791464
1812931
1821081
1829146
1837031
1847727
1854326
1859177
1859186
1881528
1882771
1892699
1898208
1899617
1911660
1919099
1927800
1930115
1936027
1946924
1953943
1960148
1960461
1964226
1967094
1969271
1969838
1973419
1973925
1974654
1981272
1991129
1991286
1992417
2003772
2008185
2028936
2037084
2044508
2054663
2056974
2062349
2067060
2166717
2184125
2215906
2264989
2271155
2309293
2309986
2317977
2322195
2341784
2358801
2473266
2590196
2686576
2888559
2903662
61401
63350
81639
97406
106295
113127
123900
126897
129717
130110
177531
211767
226763
228540
236663
236967
240103
243403
243576
249573
277823
301695
318901
319079
320766
321911
324923
325391
326890
342715
352169
355927
359545
377821
378717
379853
381422
383846
383883
386918
392432
408413
421497
421533
433395
433652
433695
433767
441061
457841
468894
474315
478891
485019
494844
497239
501562
506460
506552
508541
512423
515912
517027
518741
548732
554958
555423
564639
565116
565135
579375
580470
587718
596974
597821
626587
635638
637742
642684
645455
645493
648599
679598
679785
682475
685556
705917
705975
708405
710105
714535
714989
719383
728049
734893
735639
750235
751149
757109
757370
762812
765530
769264
774599
776010
778590
780627
781465
783304
809879
810159
814454
816039
817052
817073
817122
818117
831460
832687
834532
846637
848852
849377
859619
863422
865526
871735
879850
882085
882129
886727
888381
894619
895468
896868
898662
902771
904680
910292
915569
930766
938957
939469
939851
946511
946998
949042
957555
964050
970393
973482
973641
975769
977315
984925
988559
989436
990805
994486
997872
1025985
1036044
1044352
1046040
1105566
1106940
1109117
1109820
1113486
1130298
1131967
1137515
1145181
1154759
1158874
1167150
1167245
1170102
1175966
1220409
1227494
1228020
1235798
1236619
1243310
1252974
1269275
1272696
1277034
1298831
1300308
1303282
1304404
1305146
1305258
1337783
1338942
1339085
1341659
1351580
1364670
1367768
1369013
1369310
1379803
1400233
1401579
1405812
1412503
1415479
1416044
1418078
1418895
1423578
1427251
1428340
1430219
1431238
1440308
1449900
1455596
1457836
1461483
1461863
1464445
1464551
1469340
1480941
1488808
1496745
1497932
1513315
1516406
1518313
1520430
1521554
1564417
1589063
1589217
1603822
1625767
1632023
1634639
1637657
1653203
1667706
1669009
1669662
1672691
1690703
1690791
1694561
1698217
1701966
1718518
1725413
1727732
1738670
1746620
1752752
1758102
1780954
1787483
1806094
1813612
1814042
1843083
1849806
1851276
1862106
1881627
1892850
1919802
1930517
1938997
1939049
1941090
1956800
1987900
1992759
1999229
2000541
2018841
2049716
2058176
2070089
2085284
2121466
2223883
2307479
2356506
2370751
2388476
2438987
2453959
2521541
2723189
2796877
3291495
3330924
3348380
3460442
5536339
16125
124665
190195
226030
251350
290654
293117
355547
357101
381661
389245
439726
441701
485209
496103
497047
498297
499148
585415
588276
588347
603111
620903
645307
645917
685367
687694
699862
707431
740763
742362
743069
763354
766523
769144
771990
776884
778492
816954
832699
841141
845298
850401
880983
888221
891701
894379
904071
907704
913649
937930
939415
939877
958277
958278
960346
967149
977116
1003161
1016313
1060783
1113374
1128047
1137879
1154969
1156943
1169198
1176263
1203126
1234860
1238199
1239540
1239643
1240726
1265262
1296308
1297182
1318331
1334575
1355612
1373389
1396519
1416037
1416598
1428216
1494437
1503342
1550954
1634765
1685094
1763184
1780630
1795163
1811573
1882457
1885805
1894888
1954722
1973307
1973489
2018700
2069348
2328444
2461327
2475926
2912998
293439
315239
370599
381882
445913
510201
648163
703676
703830
734567
736060
849137
899512
957597
970442
1018360
1112313
1136991
1176044
1276338
1281905
1299690
1368999
1369405
1405355
1809297
1865158
1936781
1938377
2186846
2478743
2717333
2988465
439725
481194
817551
979320
1002918
1174138
1290477
1297724
1302777
1805027
1914278
2716857
834350
483967
669438
901001
1033431
1413629
1425298
77311
108535
130619
153597
163770
174975
208859
222911
224927
244559
248063
260469
261795
294773
311195
347071
374259
389995
411135
425937
432635
440294
450387
471775
473066
474858
476670
488095
513383
519892
520859
522096
523441
523496
523562
556979
571134
599935
620487
634431
647061
654179
675822
685758
686065
719469
728043
746997
751561
781625
785550
785550
785731
785810
818007
818547
827310
839665
841085
841981
844539
850135
851653
856027
870141
882658
889845
900693
907582
916007
916531
916820
917017
917254
924542
930806
940831
942845
948054
949969
962021
978888
981413
992383
998313
1005087
1026255
1027692
1029930
1039142
1039375
1041876
1044559
1045798
1046644
1046805
1143039
1146709
1158140
1190910
1221629
1244443
1244558
1260971
1277582
1302967
1306202
1309044
1309412
1310346
1330685
1347573
1351405
1373881
1396697
1417144
1418367
1422141
1432167
1432892
1439442
1441347
1461179
1480479
1499637
1605084
1677559
1708991
1719703
1729526
1734539
1747195
1788871
1801417
1817260
1817639
1831732
1833995
1899952
1927107
1942871
1956261
1967991
1970655
2065850
2226867
2277228
2358120
2641405
2946829
49134
81853
106490
110399
122109
127839
130270
131013
131032
177631
177662
184159
186109
189311
196332
204031
216559
219067
220399
224250
244895
245405
245429
249817
250811
253231
253643
253669
260954
262049
288766
308607
327633
347631
351479
360165
360418
376123
382589
386491
405311
415483
415675
421835
439801
445931
469943
470983
480989
486900
487331
489385
490449
498875
499427
501486
502493
507225
507242
507348
509867
510838
517593
517903
519822
520438
521515
547835
555902
570351
587706
617214
618191
622159
638778
643965
644797
654877
655265
676862
684989
686271
695677
695735
696263
701430
703695
704331
714975
719214
728819
732153
732605
733148
734895
737138
740829
749235
750687
752399
756603
759407
760698
761067
763515
764095
765239
765425
766713
769365
771815
771943
772471
772955
773370
773813
776855
778022
781127
818134
825151
825309
827123
829179
843543
850771
850838
850854
866219
867031
867677
868070
873459
878061
878839
879055
880187
880399
880863
883259
891799
895439
900405
900451
903930
908467
910461
910765
913870
914029
916178
916696
925143
931451
940471
943868
944447
945018
946619
953789
955255
958310
960207
960751
961143
961971
963437
965750
970662
972126
972530
973255
973469
974422
977243
978199
979179
979279
979307
981178
981587
982039
986973
989375
1003070
1006029
1006809
1007119
1007381
1009067
1010548
1021306
1021684
1022859
1024478
1025087
1036144
1037938
1039192
1040012
1040543
1042718
1044837
1046978
1047121
1095151
1107583
1111647
1134525
1137653
1138680
1152759
1152955
1159021
1161943
1162303
1162867
1162955
1164735
1175446
1194493
1203701
1209085
1219565
1226215
1232621
1234684
1238815
1242089
1252091
1266682
1271673
1286085
1300338
1301337
1307059
1308058
1308766
1318906
1326557
1349611
1357175
1357519
1358806
1359415
1367290
1369077
1388350
1392102
1397231
1398479
1401723
1406195
1408602
1414134
1426419
1427007
1434331
1438007
1438407
1438419
1452019
1455865
1465596
1473365
1473460
1486055
1486691
1487347
1487827
1495511
1496302
1498738
1501847
1504153
1506844
1509351
1514813
1522147
1547031
1547047
1560390
1567130
1568942
1604327
1632117
1646055
1650590
1675250
1684143
1701283
1717998
1728218
1732367
1732444
1750223
1750247
1754927
1757503
1765583
1770943
1777617
1784267
1788279
1797073
1797958
1798571
1799373
1799510
1804249
1811581
1815928
1819479
1820109
1821575
1824830
1825166
1825415
1831346
1839091
1858041
1859491
1860475
1865196
1872623
1880048
1892072
1892292
1906550
1912167
1941162
1945357
1945388
1951206
1954219
1958251
1961017
1979258
1991542
1994438
1998156
2036895
2096164
2227033
2260079
2268654
2358918
2375651
2407071
2419389
2422557
2549564
2559923
2587316
2603399
2652059
2733753
2991223
2996976
3323293
3362699
3418591
59359
126767
155127
161247
180030
188094
188315
208829
210807
219839
223213
228281
242555
244589
252846
257852
257970
319414
343015
357815
359583
373747
384413
385903
391546
413503
421118
421351
423389
425383
437949
438133
448350
452445
455087
474238
483807
490294
499388
503451
506342
507722
509399
512445
513491
515028
515041
515944
522184
522192
522857
524162
540351
540383
588267
588605
610043
614071
620026
644055
648767
650988
650994
652603
653284
653735
654631
654832
687930
715719
717779
736478
744861
748278
749261
749414
751051
752362
765597
773996
815583
833013
841623
842095
842654
849323
850796
859983
862111
883953
884561
887735
894956
896243
896245
897743
899795
900143
904606
908005
909820
911081
912844
914290
914374
941302
941963
948169
949139
950216
954229
958380
966300
972919
976625
994399
997613
998293
1003182
1003324
1004506
1007220
1042148
1087471
1109615
1142459
1167069
1178809
1195510
1204092
1210330
1226229
1231613
1235437
1242074
1252575
1253181
1259963
1260381
1260894
1269039
1276387
1283933
1285918
1285990
1291699
1299294
1303453
1304989
1306564
1307109
1307541
1318527
1318751
1335034
1355071
1364415
1367631
1367769
1373727
1391959
1404777
1419182
1420910
1422791
1423931
1427373
1436731
1455735
1456375
1480557
1487549
1504934
1519991
1525626
1527162
1535290
1535590
1564202
1620830
1629279
1638001
1679015
1686814
1690588
1695262
1697167
1697686
1719631
1719796
1766613
1766714
1776566
1799626
1812969
1817134
1830721
1877881
1882350
1897388
1906605
1908406
1926827
1950646
1951476
1954042
1960339
1962226
1975289
1990183
1998724
2030466
2041501
2044029
2055074
2060965
2481052
2563510
2840037
2956921
2987701
3029405
3109276
24511
65017
224990
237391
257398
310959
374583
376173
383911
441302
482282
482549
499261
521186
555767
620975
638684
715991
717407
719225
761075
777338
842174
842935
850417
871775
894685
896860
904079
946591
949475
964282
970526
974042
994547
997270
1013480
1017331
1035674
1041765
1108447
1146263
1169851
1210999
1238987
1242865
1285358
1285750
1296079
1296886
1307608
1307727
1420125
1428405
1502605
1654075
1700710
1789363
1804013
1809777
1897075
1920470
1939245
1954618
1981471
1982432
1994959
2069397
2293232
2308839
2422183
2991593
3371815
249575
259058
503724
685687
719023
736055
761573
816927
841527
911804
970343
996302
1024501
1176053
1177076
1301113
1303526
1339191
1366939
1424083
1430763
1468339
1490108
1505528
1543153
1670347
1758899
1760602
1879726
2000884
517105
645947
745174
941869
1242302
1298236
1472871
1534900
1795510
1898620
2018226
1042133
188403
196525
339711
408319
438247
454270
475098
505407
517597
519567
521053
522575
617982
618490
622395
679926
701375
708335
730879
734687
744947
761691
786028
819117
841598
866174
884684
887806
890876
929786
937439
943869
943983
996703
1010335
1035125
1035706
1039699
1044717
1103743
1126395
1154558
1309620
1382911
1408819
1441081
1461757
1569447
1572050
1588159
1723387
1796350
1855470
1964460
1969903
2053735
2094347
2719686
2928287
249341
255807
303101
352183
352238
392659
441849
449455
450363
474031
482039
491095
491504
504702
507167
507350
507501
515783
520543
522038
522485
523833
523953
524053
573419
605694
619455
622391
632830
635901
638968
651249
710589
720183
726975
732639
743357
753270
772983
777503
782006
783767
785594
786201
818543
818807
835387
840699
845805
850891
856047
859103
866293
872189
879606
881567
888559
888695
894447
896883
898463
899057
900043
900787
911135
911487
914845
915059
931263
931815
937903
943995
948957
954349
957879
962300
963323
966130
966457
966514
970699
982299
988655
991220
993207
994045
998357
998766
998889
1009635
1011654
1013732
1026895
1027021
1028830
1030605
1042106
1042339
1044280
1045095
1064955
1081326
1113565
1177967
1218551
1220343
1220574
1237999
1238907
1265630
1274559
1302190
1310534
1318909
1340911
1359325
1400286
1401839
1406887
1407961
1412591
1416123
1423225
1437071
1439604
1441365
1449469
1498854
1525119
1529079
1535474
1539025
1539436
1555854
1569675
1694846
1734013
1735511
1739743
1750623
1752019
1752988
1815951
1823717
1849079
1866701
1867211
1884129
1892735
1893867
1894527
1895854
1914543
1920950
1941397
1962639
1964760
1965338
1978847
2014130
2057914
2071476
2088585
2285182
2419579
2780141
2795509
2824125
2873841
161759
195543
252887
388857
390398
442015
499599
500719
503486
505833
507578
509918
515259
515926
517071
519036
519483
581535
621822
645883
650995
679415
686070
703199
704470
716027
737020
752110
761439
765659
772799
772831
777716
782166
784282
784297
785890
802301
830967
841717
849374
876395
880373
882583
904991
907165
908471
913661
913823
915428
925647
945141
945391
948958
949343
949752
976365
977383
977897
981909
982648
991100
991205
997884
998261
1006270
1011102
1012573
1015445
1021309
1025017
1029070
1033791
1043515
1048325
1210877
1211897
1220447
1244734
1292607
1299195
1300345
1366907
1392122
1392380
1392617
1404605
1404827
1408851
1420990
1434611
1458137
1458156
1481343
1482203
1533307
1533787
1552325
1559390
1565427
1637356
1669439
1683175
1701306
1701435
1763230
1785078
1824618
1879790
1895150
1900110
1908474
1919679
1939163
1960310
1963667
2002924
2047067
2058098
2063399
2063558
2191325
2227655
2260159
2389997
2437053
2489716
2651895
2790910
261106
358319
454103
506107
513006
520319
621534
638908
720245
751580
868254
876462
883517
916450
962269
965547
974266
980285
981369
990783
1003355
1014258
1014712
1023718
1027706
1309775
1408853
1430207
1525215
1539809
1552242
1552337
1687398
1716143
1735414
1762767
1883385
1930618
1940854
1997415
2342287
2414571
2987758
375739
488413
650742
653050
773863
949884
966102
996339
1029814
1307711
1494747
1751735
1764729
1948524
2014890
2029816
2050983
475038
646971
704343
964566
1011126
1113215
1178238
1732407
1953509
849725
1931100
384255
481023
523123
875518
969215
1012543
1013055
1359835
1408947
1468411
1485819
1523692
1539990
1571290
1762299
1913727
2062095
2078503
2081711
2094438
2793335
376819
489982
523159
523677
523981
650623
654255
655292
704494
744443
764925
817087
847357
847866
880447
880630
882622
884707
900957
901078
917278
929789
933863
941535
964091
964478
972703
976885
982841
989175
998270
998389
1039575
1040023
1047725
1108991
1130487
1178479
1309422
1310606
1310627
1417143
1430519
1432572
1437682
1457903
1487615
1502159
1533694
1548799
1571726
1638107
1662207
1669053
1686522
1694431
1694589
1699691
1736171
1760999
1834043
1875439
1932729
1948409
1953707
1961195
1965897
1965912
1982190
2013438
2028439
2095718
2227691
2408399
3406663
184319
259567
475132
499191
514041
514935
524181
588798
646399
679919
745339
745453
773630
783087
784094
867583
882171
883582
884469
905083
909050
912766
916341
933599
964602
966255
982389
982445
1028983
1045055
1212127
1273725
1283071
1306554
1309927
1372141
1437607
1439606
1503157
1505268
1519598
1527543
1539945
1550206
1550317
1552767
1555771
1556174
1560190
1567198
1570927
1671160
1748861
1781723
1817466
1833203
1834444
1866679
1875583
1948917
1963607
1972191
1981946
1982363
2039165
2359242
2424700
2523085
2554854
2743550
130046
228735
376559
392181
458618
651215
718587
753529
777591
784355
850399
860095
911102
979831
997183
1028019
1244668
1302141
1305534
1436662
1440894
1490295
1548093
1563388
1638013
1766893
1884028
1892253
1897723
1900342
1900442
1940926
1956775
2075603
2616637
2993623
3063258
457151
515035
521203
850559
1030646
1763007
1817517
1930941
654589
1292251
1440505
1497967
974835
978175
1489918
736767
761343
761839
769279
997371
1045982
1046973
1048021
1269503
1290111
1441487
1473407
1800031
1898335
1932191
1998301
2092913
2223871
507519
524237
718783
769967
780271
784303
785339
1047029
1306543
1563607
1571563
1703135
1703823
1818175
1830351
1833437
2054654
2080473
2817017
3137103
456687
520151
778174
781055
781055
998391
1029087
1031803
1177583
1440755
1539517
1568243
1830523
1833583
1834740
2063455
442303
916985
1293247
1302494
1964670
782075
2072550
883711
948223
978942
1834839
457727
712703
1310699
1548031
1767295
1039327
1568623
1310205
1963519
