1919679
59516
432228
1507857
1029070
1734539
1250356
1435858
858800
338267
1425927
1292016
2367021
1893429
1812931
943313
144499
176519
79645
77525
3438615
2498168
103124
481799
977116
1189425
957761
934826
1131609
1230546
454930
1635716
52479
115349
423389
630610
1181313
937930
347001
392432
2903605
790839
657072
950570
772799
1468339
367448
339372
1512469
848102
350825
2257067
805797
272968
441040
2409142
1158140
2419579
766346
1067460
992073
134703
1195572
1691331
1337062
825018
1224198
648067
442303
540761
122184
962021
1291699
1496302
625892
885964
1590208
939582
438722
275910
618692
126543
396699
414366
232966
1249860
875053
1394442
2235676
448350
663700
869684
1167150
1209848
572129
900143
580032
850598
1027692
791840
882326
1552242
821965
270670
1384376
756603
654832
644624
647645
802228
347630
1133850
404876
645917
457151
946700
917254
447689
1707157
616735
943144
1503157
1312492
438133
856085
141833
1357446
1363811
1706713
297173
1136890
718533
691344
632466
477972
1750247
471278
502811
1473407
42132
683361
126767
4806
293157
65017
439725
963843
1615248
1457903
295571
656790
807570
1746828
642684
1789022
579426
556265
764925
494317
655292
855324
257188
378717
1590831
458812
863829
568425
751404
1836834
1271113
97406
2075603
987160
1368684
1473048
119043
365078
3063258
2996976
383846
121039
773630
825882
1708991
643827
740336
1105941
2275385
892118
1350002
758819
1461590
1630423
624430
377281
483737
1229763
685367
2109944
796664
1357728
676513
981369
751561
624750
1068999
1603342
1825808
522096
745504
1468884
162922
624273
2303590
1125679
1473697
250954
1349196
882622
183382
819273
1798338
208117
1749580
512148
517584
535889
883582
1487827
960756
742093
790312
677012
1315360
931451
578034
944432
1622204
1920950
1074599
293331
2501724
1341659
824345
1075426
1091431
325376
363670
517597
788429
306884
521203
1076621
548235
1491053
311195
751776
908005
247609
2463132
1028983
356391
46484
1721239
2392905
1116514
922384
504843
1329961
435175
1814042
63268
592139
1824618
1104304
1219565
1234860
523677
2029816
1456375
664120
758350
1228020
1225421
546350
567111
508633
1978847
243206
1209898
1994438
1145678
745883
738670
538489
888002
922348
186753
756581
1446350
555877
1202531
1374280
1202981
1264835
401572
283936
2435972
480989
146563
1360773
67683
760583
546123
975769
1304961
1025400
491027
420932
376819
880756
287289
1011492
2298065
884684
914051
811753
1182245
1313833
1555771
1463814
850521
552529
1072974
507242
852324
557801
312392
134743
2327609
230209
1698839
34578
1715060
998293
1358241
359648
288298
192312
816971
520249
1071828
507348
1308945
454270
712703
97973
1306564
322606
763515
669580
1497164
1559390
703271
642744
866659
809262
621822
1549351
785810
24511
127496
1863778
1145683
126986
346535
1716143
129163
459636
1800452
1849
742571
548806
308605
603731
1585483
114593
234870
421154
641611
990805
308801
66049
618191
1255481
758996
1786310
732605
83295
2268654
935370
1420125
351751
703501
805358
1864372
2201691
995479
521665
2554854
900994
478891
2422183
173039
1170102
2366667
1411485
721733
1057848
1260753
1757503
485462
1194890
816979
165555
123648
703909
1124636
165287
1324441
202952
645425
132541
60741
127673
732292
1409264
782006
158768
1348321
1150519
86125
1133014
823003
1743
761075
1499284
1829146
568125
1136827
357967
1782667
1655865
209279
1247386
808109
277167
1864860
1953707
971803
1424296
2497940
82871
1673731
1849806
445607
850401
729418
1613844
1583222
528533
2139969
2437053
565116
1142843
1882480
1778620
1564947
401646
825638
643297
128456
1351828
1805027
515259
439651
830031
577642
1994241
1964670
858393
265966
1235284
912424
497239
2591
961063
736478
1249708
1948409
470983
566190
1387222
1396754
1686814
1485104
1542429
977383
486938
452106
670255
589002
883283
706760
1327856
372882
1712946
868254
679926
41702
1428405
1292963
67195
1090991
853751
219378
553716
544514
747989
154566
873030
570607
277204
905083
669023
736017
349447
1246277
237705
740763
720245
1908406
488067
633347
660384
308856
299474
1422165
1175752
2015308
399228
2924703
1487478
567238
743965
1343580
695677
154926
966457
1327240
140324
1518364
1770938
280359
1679015
577176
1214396
784282
855172
51189
905483
2078503
277402
625553
916341
713260
2245075
528275
261795
1791561
2227691
482984
15755
54383
184433
205603
1108425
2686576
356851
219512
2000884
1206764
597343
549372
1245908
245405
379853
310883
231097
701128
637184
328894
1568942
598889
30900
657689
987667
1404226
283034
643286
466
1990664
1011654
15440
618097
211762
1572050
1804823
1352270
372167
1538436
228747
1135792
199819
1068564
2269312
331361
819117
1772209
67607
860674
968824
2317641
896860
964478
1410333
2461327
1192680
1488808
1398881
1480479
45660
818345
129776
1687398
1548799
757976
1310534
1143205
952541
779478
2176797
3029405
1451461
544377
488321
291853
508647
383053
1164276
736767
77231
223075
640486
1177673
955338
539849
1339773
665207
1359835
717344
489861
157903
680897
1412436
1204092
556437
796688
1361710
2311237
954966
131858
1435949
1320431
595208
1733377
743547
830697
2327383
1310346
1237219
827628
334019
956489
632136
304941
1094765
1917636
743672
1535590
627097
864910
2444487
1784841
914006
627266
635968
957768
1175809
515041
588798
1448523
38448
2443728
1397952
1062935
374259
1495418
496738
710592
641565
395911
660944
1408947
97482
348255
691069
1706346
993089
621895
364473
1540245
866944
948957
531561
2542761
141663
964282
878008
1036977
1235222
2400556
536083
29686
745056
454422
1951770
588595
729706
913870
934074
859745
475885
1690170
722111
360740
399262
1160078
591534
916985
81328
813358
742840
1247429
1917113
1223524
1909266
758595
719512
600133
377289
419057
972126
897358
839995
824256
1247666
262686
693800
1182206
978199
1393399
1393327
1550954
69489
1326557
549693
1398811
704654
274579
1825415
713877
1201576
1024501
16768
1230834
1707374
460511
1053998
451057
1022859
1355840
1588159
999846
882887
1326627
869633
795941
912786
806436
1776566
291412
819240
1205586
543629
330612
330198
211182
1546325
527124
13539
891784
518420
557627
965715
1676601
1305534
571896
116045
562153
147081
584400
1077509
688231
578853
826282
1455516
506183
121712
474690
1121995
1905509
1156943
184401
1412584
453019
729984
1308766
777512
551017
294996
1091756
239883
359690
1323554
193319
421118
1193621
1763230
510099
1576257
649184
198351
1725851
1598321
522485
1351080
830587
1182153
840214
157302
318259
588267
364060
457600
75602
688931
182542
953364
166722
450387
1973577
1097893
432797
581809
1653108
321947
402708
1085588
1304838
152586
575904
2381079
1198302
48876
1418895
154333
805254
1839091
399029
44059
268140
3452990
468628
366844
37957
494164
944849
521254
340423
1251477
1509597
1185122
561674
225717
794277
91393
1308036
869100
862111
2995267
696263
1402929
62585
380250
428641
1609101
694088
1653203
52886
1731954
56722
907165
1150917
695732
661440
311947
847357
186679
661036
1335068
860322
1666064
969131
145442
1077769
2201040
619455
1055176
889845
1259169
635235
1072725
1047029
508541
46108
55638
639427
590588
279361
566688
751042
475314
1068783
808379
114588
1312259
1046644
129923
156159
1218551
380990
726513
1609531
1529103
1847655
386207
70690
1243073
620487
607089
662275
154791
320766
1106135
2414571
1525626
580388
308439
263937
1473190
562327
844624
749414
161759
444937
619746
347631
236505
47692
2058098
309224
710589
801891
68433
402606
1417311
1717998
218373
524783
2426356
266169
668456
1175785
687784
351242
1401461
1841253
1811573
1587757
272266
70871
465815
235718
151695
295261
18916
1089402
668765
708376
1329825
1730051
9250
954707
429975
1090807
26153
520438
392844
695355
1378655
22254
402742
625809
120409
1409541
587026
332227
741946
989664
993626
908467
805273
1836737
669916
1965897
2358120
372739
835214
239776
1671160
900693
343015
175574
1792736
860636
1128785
1684118
61252
1149553
994051
295915
729371
1095099
1755539
364
336081
61681
895439
1565478
840756
1819479
1147156
996339
1426419
829179
769279
104253
1156904
533877
48777
18486
1750623
1459744
1210999
300768
1964760
778240
499191
862172
2443150
359545
1316206
1222170
181219
1763184
580470
1926052
1379803
2327818
148749
259567
1117261
1472871
1007119
289799
1028865
179553
1389837
209086
598523
1855470
1045055
871353
607487
289654
454717
311742
673525
135994
78355
2095718
666932
98859
71226
2447556
2064483
1458156
67979
1145111
82435
664300
1659702
777338
695410
603371
699800
680013
2988465
615503
502131
28615
719469
1231018
2928287
69667
323427
11251
1203109
53996
100836
796775
1302708
651215
395329
48836
2590196
80612
853993
1715240
1377759
138336
349110
817683
796760
2054466
1882350
1396927
1795163
1301568
614798
1115489
510139
23413
71881
625062
289107
550321
2445911
1279955
1485819
868070
431281
2243842
1691780
566035
790593
1175966
1337574
593878
293439
489250
998270
1919099
761343
626395
900957
702020
2081711
1601824
428547
1256732
850116
743442
1882771
251844
1330685
1548093
445991
1384864
496103
77266
96939
52615
852456
133704
517903
1817134
370528
77014
917278
2365016
873459
934710
947539
225636
444266
588608
115475
567547
219839
218089
841085
1260381
1408960
617952
922661
680463
318163
1641036
346376
1602955
1370976
357932
729473
235212
762645
539443
589122
826908
1401579
456936
1008678
984548
627311
1875583
811787
942104
728227
447582
1353380
676388
1926827
679415
776884
1669439
2780141
28869
1143039
1020947
106040
513006
1261730
1079342
734285
1638013
1148138
219792
378723
815650
616073
276985
21741
481423
1876236
1490295
911135
510201
256145
146833
1059159
699825
841598
1115163
877663
161861
1495157
949343
940471
41278
732843
1442923
551351
1525119
1740416
840645
1187290
618496
665584
1036144
969760
300974
2626671
144738
662162
729545
2243642
1803020
1469105
371201
422258
611373
268721
333300
574124
566555
3371815
1564943
1106411
590423
1545322
861351
1146263
198869
926174
991100
821806
1353900
944692
537235
1738720
1220744
121654
1642294
481120
64082
584103
1037361
290654
523360
1417743
749586
1118105
41191
478749
972101
1923226
613314
1491182
374226
376419
297797
1379987
705917
2796877
853834
1866679
1242177
2008185
751264
1306662
605488
1123174
332371
143825
292979
16489
2039812
747287
892578
965379
1060783
1080550
1112168
9171
1881627
996296
685758
1307059
964617
610945
859817
1583176
294692
673405
852154
1343515
1731017
546863
527016
1030605
699995
717852
1369013
958542
829871
941535
1894403
111734
773654
1244558
351002
419252
140180
192738
466784
118188
1120229
744861
770428
269989
500719
374316
58257
2178119
350224
1319860
821818
1146124
1527564
1106194
37583
1856181
963323
1475331
859420
264613
53877
481194
135329
964050
958308
1133336
1307795
1888287
1427916
488975
498870
1326222
1899617
669864
1645660
1299195
305358
569243
1188421
2483980
1338853
266821
65723
1198891
662576
900043
959346
907582
770107
1605253
882658
721205
119748
852127
994538
449194
764968
817026
937706
1017135
1264435
677592
1377828
1051528
512268
294773
223032
455873
1951043
567129
834465
360418
1622400
974266
1413560
815142
729937
1791464
1843628
1220179
277271
1437520
1499651
1087915
930806
1323210
108505
447849
135327
725111
1490108
1178479
1418212
797803
1949224
76900
91360
686065
939437
840835
337513
450932
415618
759125
29147
507457
523981
838536
314154
478323
1004313
1082465
406443
685648
660411
1423828
2053735
12311
391499
1354076
1865158
788483
89475
349709
880860
848914
1096766
22094
1445179
1536135
213175
2309293
635901
901494
635587
763058
942932
684838
501909
1507933
280216
296377
40470
744947
871476
1969903
1579366
185498
746997
99665
1313435
615214
492376
902771
2119612
288692
1412503
917017
941057
2448403
907704
204099
597393
405579
982299
1158796
1588001
1064197
554726
277620
1130574
315857
491862
1443237
177662
1612310
220428
1067675
682400
337483
1900442
1104998
979205
773996
927633
866770
515202
2479408
1301264
671790
838957
75583
1381811
325489
1839993
825033
1695262
1306849
357815
1458137
1936781
378966
1672658
1684143
1471169
1956261
1022606
2987701
1026289
286975
360517
2873841
513491
1208576
267654
836449
1405741
357932
571699
745869
1134660
1099131
990783
679997
284200
945246
1124522
1399603
1111907
1617155
1860513
662746
99397
857563
400638
469669
986549
718883
1152865
251229
346878
648936
778864
639610
2133563
652363
1821081
1347674
1212328
719437
146186
554135
752399
251085
1109746
2121466
1928212
703253
233887
1061557
693222
1101340
2481052
670006
723082
1817260
1081774
1418078
196525
564268
218003
155993
719023
866400
992383
775824
1398479
201461
208859
358818
714975
882434
605507
1760602
982156
378768
1486659
953217
1128497
961411
411414
527131
84450
1400345
728580
1601782
1167673
1788279
224990
1865830
1509351
809292
343073
558326
1248960
942197
2018700
382753
990058
620232
1228999
830854
1169580
2181622
952793
1303106
900152
1190128
714989
1307711
1210877
114066
644713
1778417
1428340
572101
961971
886216
591436
1326375
1298762
824841
645564
1738670
461798
167456
475373
1481747
946580
257624
175338
339538
498297
118866
1298509
1560725
668553
854651
129423
899512
1876588
1185695
923923
758224
614197
1346947
747928
362926
1680199
938040
1634561
408968
776302
1028019
416395
699296
1550206
876546
345011
76292
289044
899616
1209929
475132
229486
523953
643965
383883
1459088
67121
728300
754902
175197
1201006
559503
530760
580759
477277
533129
942814
1563388
421137
1408851
771943
4582
128464
172398
1079308
740902
1498696
1657164
367766
986502
1154759
976163
102581
198849
40111
1307608
153285
925128
1146800
1649292
1177076
1292251
1130487
89517
821767
1938089
863339
831460
993634
1218957
171648
617214
1412591
998766
1539436
935234
1913727
1337786
182431
1940854
2315092
1540103
480920
2385270
530504
966255
439801
834586
1169198
399438
2085284
1755466
621726
1477891
370599
544298
236663
704168
1961017
1091620
1326630
554550
899537
701375
1082284
1076833
780819
2716034
825764
260469
601331
1251820
44010
893203
1983518
448924
519648
187539
1250715
483807
645299
639230
705849
923588
2020802
478736
879017
776384
1901735
3193744
324436
1609319
787414
1176180
1616110
864656
76107
854205
564466
1598667
627401
1840083
2888559
1114794
881989
557510
5927
1778353
778282
1859177
1924064
757092
1413566
958612
799803
188403
1799626
233566
326698
1047725
838560
597276
534822
513383
870141
331394
1094726
106639
1381398
127612
869683
1444185
1304696
1512080
427296
787468
1623824
143963
474238
687410
821650
991790
541237
1216452
1404605
1542892
692758
473686
2104068
693194
816693
1002252
894447
273578
1071324
1066688
873897
573885
1720963
1436662
623259
520859
1192195
1762055
1064254
974889
837009
522575
704343
432624
1394831
608731
1009635
781341
97509
43898
733883
588450
1335478
897127
554426
702575
878839
478233
758113
1948917
1807107
376559
915428
1293247
490449
328131
852614
1732407
930414
398802
1797127
2131098
152110
380589
945191
1347296
491846
728328
595659
1660115
2824125
520196
808677
526353
824648
1129283
225720
2327242
1884028
1156944
851489
1080760
578213
887280
2065850
1646055
1134525
237201
262049
348618
716257
778966
734687
494494
409029
409732
1463435
223878
1030159
515028
1322964
459851
718248
66269
1115781
1104247
997270
293670
171052
1192918
348815
2051117
1937596
1144337
165136
494655
533017
1188559
524371
362268
129754
275185
144902
930766
760305
1543153
442015
925647
654255
228735
2327318
739420
2679307
356545
915059
1367074
356969
166446
856877
1051723
56896
14735
1659612
1411469
539133
165594
527022
1730103
1327595
443411
235678
500545
691228
832328
236522
1194903
158282
1858512
325739
158378
1548031
505384
401926
1583867
51868
911058
414889
976365
1748861
243252
1171482
581742
37697
845298
89104
342186
671248
611568
334124
1099509
778590
1298831
859082
1112730
2320852
935467
2378714
54541
1920470
226838
1820947
884561
2028936
1856731
1327341
176623
1589618
1456794
136151
1454876
474315
1207651
1821575
1259053
1111579
175866
395767
481666
286913
945391
720183
57012
1048923
1178272
1487492
1050181
477709
1390613
1099008
1279243
408385
1108447
852451
1623136
1493333
1819157
254518
667953
14971
66835
774248
636554
961761
904760
950689
1360962
2199002
1272740
2035740
761392
2003772
1202227
61978
633553
1533169
1575234
834712
408413
190195
1258884
621865
1141038
1252886
585672
1892072
1218164
853330
739442
509358
312128
1110177
1400859
453577
281042
1299690
1815951
686133
842122
784297
1252299
6860
1295472
1739822
99032
749888
651304
1238987
456687
727185
559454
1190418
1482898
886562
944433
962179
531404
4717
1903400
78251
1096366
555423
542358
653008
1484334
299974
903283
897331
1130308
260397
1167392
1731093
38411
435858
1364670
368930
763354
1969271
1609205
2067060
1466246
63516
1892292
972919
1402429
800501
79506
316434
1887208
1283071
901143
966797
955973
1900342
584304
994486
63719
273546
571110
345895
850771
333559
1215105
160618
960385
166907
982039
981413
1463253
185417
670739
558393
946880
1245220
2068651
666700
646399
535184
970699
1503440
162007
1429066
937439
1006179
204210
867583
1513481
585886
246786
291137
1749160
1542354
1922072
1356605
1286889
987540
1184232
609682
2069397
148098
1325445
492164
1290111
1056454
845147
26198
732144
1315231
1414134
443133
97752
8168
974933
674905
226139
412890
896883
1393670
1400286
294963
817052
1272696
192534
2964736
1311599
44557
1622484
616798
382589
605124
264470
76869
783493
115027
2489716
287622
885907
1833437
954765
871644
1969436
1050186
1216118
1661608
1318751
1367224
1483784
325852
690755
76311
866219
1475234
1316976
993627
854058
1242653
1079348
112530
537469
699862
319707
1067068
757109
1599738
367059
1408801
1194255
438247
661251
1039142
316640
716366
785550
734146
780321
139738
400145
1505268
896992
213911
153597
862431
760428
1357175
690810
1632117
357666
330294
1417154
1719703
1098688
1002918
929823
576167
772526
1356173
770249
960636
846956
1084595
940871
638684
723108
791841
772136
929744
1115861
1958251
782341
1295033
1006209
804886
606334
938056
1182044
3323293
343383
802322
985369
507350
1258775
725290
873531
2047067
957764
364144
198077
241547
711972
622159
500678
1135767
1494747
27148
724245
825089
1005958
987266
146893
433767
408377
722834
640070
778022
1131555
241759
737303
1390657
693123
2396992
1213995
547818
810189
537942
282312
66112
141990
201284
160830
248063
1657153
1777894
93018
1662207
506460
1436418
1218895
1667354
1337924
106531
568678
1738905
1073865
612140
1864234
92465
1392102
647248
44347
93648
1141016
637960
298229
1151324
1519937
2358918
926403
981635
1894466
527087
1895854
1423638
1215482
895565
892516
704470
547878
1232489
579375
156185
807613
924542
1830523
842095
296752
281586
1670155
964677
1572
916680
1940098
606867
1099220
66905
821649
2460570
747663
502344
1117578
179310
957555
778492
81639
337722
499148
1894448
563455
902185
775284
726157
1193391
627305
934159
629441
243370
1008531
473066
1088145
505349
1900110
106777
126897
581993
251929
1288435
342076
957597
4816
1143763
1076519
317687
40878
688565
715991
319079
485209
207155
1377370
738249
283140
925250
1294875
1361229
1547031
929076
809879
1946924
1300338
658580
87828
1396434
2119094
1169281
13561
670027
1711693
1209392
779072
501812
82312
759945
1307727
1844966
3137103
255909
1463661
175689
909854
939690
935481
953691
225395
293581
230559
724612
1130957
170986
797996
1739808
39767
2440233
1712360
897328
873483
1442551
1271850
1481893
161082
383111
877454
1229362
1699600
469005
1176044
408917
1931100
1430207
776010
938793
1634966
517071
78296
1013044
2030466
366832
653284
469072
164953
684043
2133356
530880
804304
531590
334456
679257
59384
1017369
627890
1659251
654413
1265269
1476949
1039699
433395
484699
1644585
2493566
691715
836061
740761
2270435
1813612
332509
2138403
97518
898460
1871495
814454
574349
2361479
1345556
684002
88169
933863
441701
1496241
1396875
482282
726370
1079323
758032
847538
1347573
1932191
344243
1153117
887055
1380628
1487549
548078
815133
773863
734772
800556
742159
2719686
901701
1285358
237391
900451
805591
271041
1515554
2388476
1245462
1422729
851653
591679
810657
754731
535085
759443
1033529
1960148
465956
949752
1323854
943995
1535204
841240
1211632
1492586
749883
1763007
80022
1231138
152515
1701966
534743
1260356
1249795
209396
1334347
1408853
59055
1475077
151780
536162
1613568
2015916
989175
281033
243064
552228
489514
1154657
942941
1411021
1830721
178232
1018360
1997953
693040
335746
2302386
1758093
1474663
267163
899795
1354565
912766
229002
99424
1942871
1067652
1338510
708536
998313
880399
115517
1859186
1432167
496586
38000
802301
1298236
1694846
1171587
707900
1291945
774599
1433920
674181
893243
353596
896868
1489918
777503
628994
202562
957500
359128
966102
689100
817377
1158168
2041501
438168
2270040
738132
433587
206152
829015
923738
463764
1393642
1396697
185990
847762
750727
349598
732153
1120764
45664
416361
819698
1428302
1613914
381276
1455646
494851
268771
485019
523123
1690588
1336053
1444419
580770
2071476
205504
734893
949042
1384875
1939245
2278348
296305
177363
623845
1475304
832333
574945
423256
1244734
586473
257852
790370
842174
1330994
166915
2150833
646215
93753
1759494
267178
573578
418946
660844
635570
585217
897506
549508
1147057
186002
1021071
1220819
523833
603853
298041
2248737
1565068
840934
564639
76393
56932
955257
593124
2140931
1015445
436673
1457319
76663
129717
1405500
953817
1205064
950340
898662
1148305
436674
811215
876791
1458980
1350634
369879
1724227
343448
254889
1205335
530677
875518
104572
997740
463631
244807
857892
2723189
750730
155127
722701
1205922
1671310
572734
620901
7602
770550
1717421
1329507
1746620
151531
646669
1202521
1332024
580290
44434
934944
110399
42171
1325399
567879
252533
471072
429227
491968
1502159
931263
7697
1358350
1464472
1546637
574861
159927
575766
297313
614145
2138794
110803
749105
1040543
62005
635486
1746388
900416
947214
1765912
1266845
856027
641284
916531
1067095
1858041
644362
894685
2107050
170285
1447
224963
1124978
345128
844612
670905
1238815
532658
840699
49054
755510
984925
1753633
166725
1291434
1207835
429177
497047
1273951
482039
1474877
1051388
594052
820809
110737
512289
1300308
1564202
1248237
819804
1546448
1378639
1571726
5536339
999076
120666
423138
537060
19227
1534900
1137879
732614
1091593
130270
773256
624020
317020
579118
979307
2014130
1492295
1818175
1292609
831280
1611124
1376840
336450
1070357
660268
522038
1027021
74014
1555854
164350
914290
81452
716560
1675250
466340
1546308
784094
926268
2516070
442072
307957
1477072
357080
2002924
1718276
422756
771815
1064955
220711
759330
1329335
73952
1301833
746885
1441365
781625
1087580
694826
560902
1087471
177631
441061
919725
1271673
127476
1036572
204837
1018918
2261731
1551385
848420
1023138
1720984
931072
1577136
854072
942845
721128
928521
717407
16125
1480557
96826
223832
1927197
565420
1131334
832699
637344
1899952
98387
68666
662175
640913
565629
1088262
364554
1915524
1021794
1253142
814503
1464244
152365
308047
287596
352984
582186
1378309
151043
715814
750158
664840
219811
1634765
1747304
1204835
1302190
1074984
679919
65894
218932
418677
1393329
992588
1866026
1108941
838973
989375
1667183
724630
723863
697344
542244
107164
937086
949003
35375
1412037
1884771
704032
1173907
506635
74544
1279844
1590454
2369676
475098
2158
372184
1257605
752110
2308839
1019348
694150
228540
1539025
1046973
33254
1496522
949649
289983
948958
1252575
1198767
1010745
815514
1469906
1239619
782075
614708
251350
645650
324361
1890403
552845
1093183
1585490
48376
1733135
498853
510838
241232
743357
75880
1910492
137485
302415
92021
1010548
2227655
970526
603111
737815
539016
454103
750641
732639
644797
785220
1395106
556813
612751
1437376
815818
1894527
753529
216544
407043
548915
1284443
1022401
423476
363012
468277
1392122
86263
1621767
603863
56871
2075011
1218922
1113565
128822
247597
1470929
8960
903930
430384
822420
859983
1014258
1304116
1859713
137380
1303453
104306
1440755
155290
1446149
866174
645493
376899
2316365
519814
1343711
8351
1956800
1301280
1412947
845873
433695
494281
169435
603444
516687
723567
1518313
253010
2060965
770745
920212
1074236
1391959
739333
1459699
327197
243721
1494296
869249
448593
181560
646971
603316
928923
591086
1442153
2034882
1067707
649803
1402093
1930618
718629
137621
367153
1366340
1519991
665668
187130
1093885
985418
640084
772983
224250
1919089
699151
605122
726975
616872
880863
310726
1309412
303978
1697686
506342
1219116
719214
572033
790855
450826
208276
1619672
178988
1130298
1862145
2262403
1145928
529472
547666
802417
1871929
490056
1865940
1846818
1418392
357538
184122
898199
496758
1389185
1568623
622395
1355112
673336
460435
441849
46636
286393
51466
455778
308076
1037938
812471
723041
616008
849421
602767
1923621
124665
199915
170930
960978
1098073
539558
281565
216013
289158
843209
1200674
1089481
1378477
1322261
1084576
983579
308908
1035706
1010262
501855
1889400
188182
242010
962861
828262
641174
175823
877348
501486
2446000
1413629
270840
972530
409634
177507
822115
900740
469106
362799
1845326
1252974
3365002
695061
243107
1187572
281302
856261
2304313
1605084
363365
1525215
1717603
1967094
1928993
1922057
832829
339711
688499
345385
72571
201256
686271
946998
1039192
521053
986464
82960
1645409
824072
592394
9047
749060
1109820
87393
820416
702400
828374
215202
1531468
1249010
1150021
1369077
1151291
1259841
223635
265972
190693
601391
849989
809348
151376
110884
376004
34486
1223749
947617
1406887
521186
1185701
1575558
1334736
1091144
812065
574121
1982363
1973419
543567
528028
255807
939539
36480
135041
399155
764007
848565
1499637
1981946
910060
549753
852446
764290
654726
935537
1423578
508462
1257105
943800
1603822
755900
51715
543311
655920
998889
2070089
939450
1567130
1603129
1449572
939469
548499
1416123
958631
230124
1462403
848338
650742
361306
230523
1220343
1326374
591345
1817639
567650
1200372
521784
115898
309328
527244
790138
1255900
837223
696800
981178
2356506
1115293
634601
1834444
723794
1198112
117446
1226215
784001
728151
580440
262270
533588
1329901
880447
300437
1295824
515926
2424700
1016313
303622
1216339
1784267
1752752
1154558
916696
1147299
1582742
1681478
340405
703060
136913
1201664
1226298
389412
490244
738478
512445
377872
2142184
1109315
503486
262403
1133313
2062095
257137
452445
743699
1519598
1298692
1447339
1405340
130358
1104159
1012741
932165
152356
457841
517105
180826
809066
1409939
376123
1569793
748702
1117676
247414
458863
1250506
785339
552731
1694589
175604
292732
668356
523520
1387505
640778
377933
1693440
928307
2419820
1394223
902760
1831732
319699
1482689
1816740
508038
1453576
1474996
882129
878817
1917354
392402
226101
68081
81853
1404827
983543
2759841
1383432
435621
168401
202095
334205
38135
323369
293654
2152004
1167882
970343
1988666
497978
449156
522184
703676
43899
405080
350393
397986
52263
1498854
619591
97130
2105161
1076724
67610
1254419
219067
979279
1849386
355856
3399758
774794
55729
1477586
732462
686520
433735
786201
1342987
268720
366677
505407
432635
492389
1381192
941641
1042339
430120
1095151
2270323
639100
410884
942504
634431
1272123
929789
170428
775554
1050961
232494
1841170
697235
1411130
783044
1163816
1199128
435514
1363907
283430
1136823
1913962
24092
866293
1051582
407961
1663376
672308
396664
1124886
439117
1388018
2239893
726002
631691
1507616
551389
1379435
1219594
1307109
1048633
590348
733875
2419389
1255909
717496
612593
208899
553246
811054
762676
518482
174220
252302
149801
91443
993364
949282
944447
1432216
969829
389377
1087042
661840
273093
782166
232405
805659
362655
329062
871735
1064548
1141684
772471
330716
85237
1246723
1157939
1660685
637742
617982
1439604
1303526
1039575
570675
403651
832947
767292
1259963
1421058
843728
1645376
576267
30768
246403
41170
502493
796179
405311
299717
1300098
999448
2260159
510531
800335
891485
2157411
333000
1935593
1055833
1487347
771507
72886
866426
665623
194881
793673
364117
1180727
962300
962769
1224579
98973
2080473
862023
565135
1201805
987686
733211
746101
667109
1348073
180866
1035148
443966
1265262
665414
251277
549414
824096
1051634
609812
1629279
389889
631712
145196
531297
1222940
840489
820879
1809777
313598
1390417
322739
480644
461261
1941397
373865
745819
1367768
13658
350152
1660547
686070
1605754
1377488
1271952
2268722
217590
919600
299967
279339
659547
446609
813326
957698
1766714
520308
156321
367284
562993
1115743
465052
60943
1353079
448157
83199
2468361
805392
407980
1090953
471507
545206
839833
2508821
447157
262408
49134
2835090
1322171
1412889
1278324
17803
945684
1021504
668764
1762299
1324418
2835519
1548128
991220
404629
415675
820623
1066676
32954
804575
785550
182923
395577
1930517
598178
2601172
970244
1009067
1752019
964566
324723
444357
1196051
884864
1407252
94317
529828
1196806
797542
484700
1982432
818627
246095
1836075
546171
291668
1164939
2375651
1954219
368085
1523692
993574
657585
682084
300681
346112
1343256
855864
374583
862901
407010
349988
1469340
740304
1350666
697652
262889
1610701
1483149
402988
1377999
940172
950890
1660353
1085842
547835
1242865
247230
1448706
965766
712513
123900
458001
696390
799442
119622
1294374
1000140
1367769
1098767
865526
989232
1454610
1504153
1732444
504643
1485121
94285
1207079
613525
1476153
1804249
1325530
578347
148262
334962
1049273
948169
189839
1001070
1648678
2188032
954907
172869
578003
2142397
1587805
1637356
692890
681622
59955
1953943
642448
199129
975344
456019
1292607
883770
753026
716324
765530
1224513
979350
572168
556979
961143
537056
401904
1582192
400563
2243968
1851520
88932
723693
269607
226763
418369
824806
358559
1127188
423250
627065
1195248
961292
725935
849323
247815
1088268
677297
1672691
1021306
1359415
1528845
684974
688560
371863
1685094
1841737
860388
876602
1156034
52628
426416
1148399
1502982
10920
114766
8938
253669
249341
260674
1301113
308507
618131
140061
1624393
113951
1167426
1522147
1608641
1552767
2227400
1672309
481602
751149
441302
593553
1076705
412446
88320
545437
1315849
911804
234824
1482251
18361
507225
1089134
1136991
66142
1867211
404766
100693
1991286
507519
910461
957510
1950858
40045
1576122
1426865
315854
974835
723925
581535
817760
791717
908471
790279
1120161
937897
1084438
154296
122939
560937
421835
6366
1301337
902729
788250
131013
397284
210208
1187653
207041
1242089
965547
604694
1526102
717580
552165
1872623
463612
401935
875098
1489496
431043
701709
1248994
358988
883517
1072501
610514
1282376
542273
608652
144662
580185
1966196
652490
1701283
1217257
1496843
353560
29584
614415
2350356
1246700
355852
1815928
1429563
810250
95410
5213
668016
901984
540736
549547
149422
1527141
855855
702417
616767
321911
1628741
938802
400068
722903
1164750
291087
388857
67849
1381681
614071
50686
371893
722598
373110
1749049
575676
130220
834432
457727
1444385
595264
1459777
2129466
762109
1362450
443082
801900
818117
730777
775906
1527162
1062244
183246
1732367
954349
1976856
1974654
1226823
618042
379219
804864
962016
1137098
1316215
856335
1293336
434652
2717333
642265
986698
943983
771308
1348540
325173
1971364
989378
445178
139411
959849
1938377
1726732
590683
1991129
1254360
1883385
1628988
715719
601100
976625
1255199
78722
1254530
2039165
451231
1242074
766523
701430
1639536
865930
877427
1167069
651249
1632023
832935
1078322
1615767
10428
952651
1101414
157824
553136
1024684
1266802
1154969
1115208
41263
1209106
1834740
2237919
959694
1242740
979282
1464445
749235
1680882
1206705
1391036
464828
512423
1158874
419118
1090642
706182
327633
1731970
1237999
1198509
1125634
876462
2281779
723648
968525
832687
1477226
179418
2991223
66676
22373
1377285
258068
1022529
520410
2425555
1003324
867031
732322
1166733
1475697
351514
1127126
936816
132402
947060
738542
541791
1376520
1349213
301535
742362
507218
941988
2384984
941302
998391
1201424
624992
85710
1089552
814727
1030646
569983
1526904
434905
244365
396441
1003161
1410621
1461483
999864
967324
1947777
895910
539930
713493
345288
166755
690707
943792
840980
1405812
1598756
528836
48844
613652
1189490
852570
73664
111721
2270138
1793826
1278767
2285182
675242
1351580
151154
31842
353426
539142
344474
434794
1631265
618830
1451229
691399
442132
1024285
736055
1372141
1976720
1424934
545619
1340873
765272
2474866
675441
914500
627682
206322
315466
760609
521483
640296
870904
1981272
840755
1606171
214457
391286
1189419
222589
640122
1973307
1091218
563074
582745
1785078
620903
768328
561196
707431
1068161
580709
119494
1817466
1539809
1643034
770176
1325380
1953840
10810
66268
1806757
1153325
825151
912844
804994
1023718
1255633
638778
877060
1166416
641148
432810
563801
325209
637173
737955
624782
407042
535825
1325651
574095
764657
1356650
83064
877828
196332
196951
2221731
1843984
953994
156559
592416
1042960
265963
412001
528761
1950646
418959
1870556
1589217
1734025
915500
555902
81749
1883394
1279873
445187
677285
1447500
1982190
1125076
249816
1427007
1003822
239377
1539990
1207778
984676
854117
299304
1074788
1545402
1647085
267267
333247
851346
766412
879850
915569
1366907
553110
77050
1180064
389995
1373727
1107367
1198768
758805
396551
1537068
160074
1701306
1491117
523496
1440308
247939
1333078
1056364
199505
810710
674464
278779
1412412
104206
599375
321553
56109
590381
714011
325804
1879568
1090772
548732
2264112
960837
415483
505883
616556
283745
446659
1560190
1723651
556679
851056
275960
66798
99531
1106940
423764
1311078
1317548
77038
520836
620582
1437812
1172209
336306
769365
1415479
378792
892937
1477034
878061
413575
670889
249168
575189
1258373
305614
686673
2342287
1235798
265444
177624
657021
733148
31442
408983
1069374
1357732
1378151
1340911
960751
285815
120013
1751735
1203720
29903
273201
751580
197752
323345
1411636
706512
1494437
1402497
829818
2094438
272779
1954872
1104565
753889
1417143
3172185
1051380
70101
963080
2216299
1376501
345325
2840586
1601705
997613
524053
447543
269405
508248
514041
994547
50515
814569
1424083
814796
688625
635576
1486954
993300
894956
521515
621534
156963
962269
1181034
1894888
271221
785594
510091
738311
951044
1096777
928831
1006270
2652491
818582
1075936
1174690
997183
715853
750304
938488
1295667
567467
290262
1296131
907472
1379607
262959
622212
2760342
501078
969751
627427
108954
86979
1310699
1129267
754597
539044
2298501
1667706
252846
943937
1170955
1024726
1325437
271031
1092028
990499
1997860
2322195
722880
2561889
1237154
1941090
623828
597179
718783
38284
111127
65643
1313927
922473
450363
771714
1849932
382067
429043
246093
726019
31747
1076861
680665
703713
688927
1074325
164703
819835
27640
541023
1447683
558177
160826
802358
840799
877726
73348
1105694
1642886
880373
1963519
1593834
854698
139650
1296466
546547
383911
693619
1207068
180030
1405890
910987
452099
1295632
139026
628378
812848
723257
80807
1508899
1434757
867619
1097968
1427251
239119
1338942
58622
799617
2719933
111121
1180527
132175
759418
958278
197902
982149
438398
504666
1105566
1133038
724584
1158248
1946654
667160
316880
163770
385903
944244
179968
2049716
924601
988655
1370218
1472420
943956
296308
1321149
1182290
509867
207176
766713
1628648
749955
1939049
806921
311110
841570
672458
1445848
1906605
1141715
1437846
157283
1020942
14350
1497032
1780630
2563510
684989
372396
1954042
649696
728993
954493
151603
49440
1487516
1870787
1426320
1026255
1612177
689231
705444
896832
23950
442461
1365817
1142566
1843634
1634639
815403
671560
108785
634921
1965338
342570
1103101
689941
1394753
1228321
1464551
1194493
306859
324923
1090444
533223
455308
784017
1020052
291225
1377526
223346
713756
1017874
590186
351477
1164123
1456330
1163477
2384867
1323434
591470
1355941
1112742
426437
163043
1169784
1306554
1312311
293117
1387741
252887
1444443
1486691
30014
1026272
96485
328843
341090
1963667
1569447
390068
869592
1516406
877624
2225485
889207
83042
672568
101673
999562
452375
36854
531172
163504
487044
256795
632830
210794
74137
1235496
859226
846070
398963
1600515
1834043
1086080
1571563
452952
842051
189311
400292
39842
813616
923749
543799
1459378
620060
925143
1284420
1259055
116248
788388
1119808
1378371
660621
909050
1599614
520319
1407961
500924
88547
98749
794025
30680
1733266
642860
250848
932188
1363192
150865
587116
841776
863422
991730
914472
1682502
523441
998261
46075
1103094
1963607
605869
1401107
829838
594776
1355612
234053
2056974
385039
975420
1373389
1882457
1007220
243489
578631
414255
1159344
1135234
836207
913823
732964
1071389
664258
655265
743069
745696
574552
1966634
79520
967149
1132709
563456
859319
328061
2013204
1723605
330269
827310
417320
1125432
961684
1309312
844984
1279726
118377
15457
1657294
99367
552552
710064
749987
316564
352169
663143
1529377
1242302
1190910
946619
684125
894619
133601
917606
1820312
8225
7039
700525
960346
1773604
31466
811875
1962226
1148515
162632
1390709
813334
869990
336604
2275975
1118043
244844
1034295
39108
956696
1004392
1399685
1188412
39429
542868
654589
516910
1231282
1280517
150990
402093
1825166
697317
573419
580487
605694
1437607
902492
510313
883711
778333
1801417
468359
730850
400237
601035
1254049
38825
373002
202200
703464
691659
1912167
1017331
1878182
391369
197805
677782
1266436
432980
1257813
869733
725837
898852
1905784
792057
178584
727454
136236
1669261
465164
496171
1638001
1054609
1998724
714808
1973489
1048753
1422618
659222
914029
1532264
901001
776855
1264924
252175
1335955
1320395
236822
707844
515402
911102
1846
335809
1090322
542263
198215
1651267
959948
655414
385148
1711451
901078
1485329
732779
242716
550294
1728276
997371
509034
781055
1734013
418658
802339
2118547
610009
2412979
204341
686862
609989
535484
250980
119180
589964
841717
904606
599145
932449
2549564
264997
426575
1177120
541318
35968
136021
306543
661175
342407
1157195
676979
700314
1125650
227226
1646905
991635
1040421
1059729
1036044
893849
678113
2508260
861269
5033
838770
1071509
475323
2790910
679416
24669
3418591
1332228
930333
1415244
1939163
986963
1408602
239508
2036895
286081
151758
429293
1516753
195543
512581
770393
787880
57005
1190505
1070288
2408140
995514
522192
1103743
123189
247435
489385
797075
236582
1081852
850796
469754
681741
214956
1384485
1054704
1167136
862162
2229060
277823
1200894
434805
1866701
1013480
1858697
1596353
1005087
235560
76228
262429
590668
319036
965750
1095553
907836
460525
1314754
828780
1447462
669616
203209
684603
891188
839340
430982
1297182
1764729
1944071
848013
849580
645947
306275
1468201
797503
761439
2713354
888695
2309986
1231613
37585
894379
1133549
848585
927233
918565
952570
1541443
615642
926328
1919802
1853252
1637657
533537
616905
732174
223456
828776
236967
202423
588605
731198
1393424
2817017
866667
1759546
1968971
263713
721693
1366392
251974
559034
1250530
1585655
1030922
1447517
919019
1912854
920658
987968
123760
29300
1800031
272192
1624825
1428586
483631
1313333
41025
2903662
130708
718072
122109
873742
3208
72891
1313571
1420910
754245
2683086
1315118
102055
837210
260626
795814
264709
693473
217028
652965
154692
1485333
575951
1999229
597551
967433
670102
1086846
969215
578683
1048325
546043
159443
853743
1701435
221301
1324377
1008096
546174
113112
642369
970393
719619
661545
1751264
1309705
2877505
40074
437169
1182620
1115929
943869
866508
189806
27852
259724
1669992
1291554
683394
1195954
1432892
1396153
760698
741723
318901
1103686
1143610
888559
531580
1896069
1302141
486900
1879790
159283
805436
687930
234656
1898144
1146179
331961
719383
1445641
830905
731068
31336
1029898
508468
895082
661370
1739448
1269503
845506
913661
171220
1422448
1477132
1584110
470051
601330
1230424
1325042
1120003
1434836
1044837
799187
1214783
1046805
1929996
491843
293771
857940
1481343
949139
1616178
1703712
535121
355927
624820
980417
503137
1259425
63350
364905
618490
1274559
134105
1878659
631674
1596699
1255668
184319
1333403
555767
1390469
1164735
648599
445931
404585
564521
1154828
794979
1970421
817073
1406376
1380128
695621
941354
781127
1521554
889305
395953
301695
790456
110183
727134
239749
288766
169843
1005712
883953
12825
1226275
3772
1053766
956744
66263
352762
2460212
551089
306462
565621
720166
2396510
326890
1345365
1912288
1234684
1644589
703890
1557577
235448
981604
244895
307504
654877
158233
866136
926705
972949
1847727
175698
1003070
114562
595550
1045798
306531
31424
482598
1466818
574154
1160739
1802664
1084468
337382
2285616
622391
238267
268852
1954722
649621
426164
1660100
20866
752834
36999
956766
1411050
2277527
1159636
92968
815008
405625
268869
2371468
1666835
569136
2956921
1382911
662780
1311614
742641
834532
1091707
743476
1036931
1603864
1278836
783400
2430881
534031
2261901
1636459
1566222
603428
307790
1972191
525989
278199
765597
750093
8781
695735
161307
1381947
541349
1432103
729000
476932
303600
283302
880983
507722
1453797
817551
1119094
1250670
623806
1324615
1137638
503592
484771
898334
219770
507578
1571290
901909
1245911
569862
302613
605734
728336
1062983
775904
1305258
276291
875460
2295598
1432572
1244668
1062504
1292872
1513315
704494
605399
1006809
1450006
212240
1369987
785696
1685024
601923
182468
1333659
1569675
432166
1159021
2237748
1350946
1367290
1106755
276532
2827415
788160
363056
1180809
1219980
381716
1567198
2184125
11798
618893
860743
401596
1362659
1237884
716272
1259881
809413
35174
101885
2072550
1729199
950470
1722471
1317254
548132
563723
74322
1321370
1044280
938610
827331
994524
108535
90025
66294
1930115
983626
270153
451989
234188
1649089
1442774
1167245
1466825
728819
277661
1427714
1019601
527464
609969
846729
2277228
140416
1411916
566686
1023009
859445
1431238
910292
1025190
1859491
130396
422897
1314827
765425
1230983
912516
1355
398897
61630
1217622
1842233
923049
450706
95941
701131
890876
691182
1204504
1277582
440524
97424
924468
640333
1245374
684432
693140
916007
1358280
129715
1029087
1270356
810159
441235
1747195
1368732
949969
639094
641926
914845
845002
50896
1366317
1767295
1116507
347071
1310205
669054
344493
1401674
371871
1174138
745339
887806
247112
97062
49494
740526
1251574
1727732
1843083
483982
1071198
1795554
170024
438963
1004074
476427
1680996
2358801
666120
1856532
706276
83354
565605
397914
1762114
1529079
1358560
753917
587025
1417421
101602
218259
967204
210807
712883
1497203
848852
224195
1754927
1165668
757033
714866
860255
604810
1160025
642393
707596
333748
588276
550006
1795510
223213
522857
70680
2094347
1018022
337738
211767
1987642
889540
865683
228692
381422
685556
466032
55574
1220447
1269039
775044
780362
2364236
898131
298702
1930941
28621
662120
809231
432576
532461
538708
1356240
1926304
1059324
371556
350567
1486055
1116266
444447
951584
1269275
1223287
1027601
539360
1618011
422030
1256153
722189
1191705
1904826
285335
612914
764095
1211897
778174
602471
138602
1376692
483514
1296886
1375684
682136
101509
207329
1374218
1951206
1100180
1244744
113538
1081326
3114338
373326
158144
1477923
1755422
1305380
272764
325391
395966
78470
369498
1493391
960647
3485801
529279
1383744
940831
648767
790292
1936640
2459578
1180922
140834
500154
1049061
1323445
1429841
1898208
2106618
1453272
1260710
2823813
560553
1826050
1491488
1311626
567656
523562
1441974
1461757
1445215
1359943
735639
350825
583418
248246
1597062
1775984
1172148
2972994
834713
1318909
1108132
911366
9398
1533694
209199
1872438
2018226
573622
160978
1348037
1012878
1402712
1320626
91496
178839
1203128
2402858
1003328
879042
1091587
1368569
966300
460842
693238
510221
1278917
1256591
1388915
455320
973469
1141651
197751
73717
828327
1266682
1503857
540351
538099
599239
933205
1336247
1983801
777591
138806
1684632
1170442
684163
605305
850305
757296
730558
310669
925094
809362
1370352
1491233
13020
62754
1758102
782934
435783
67098
543263
1210330
1910057
428522
2701453
130110
1477393
524373
1945357
193351
53414
1813761
2125436
763240
491095
1011126
1013055
1347097
1539945
816039
760134
772840
319972
2624980
1998981
1042133
939522
1026169
2307479
422276
1145181
460424
799033
1831346
1256508
567320
69576
828722
600930
742954
1358624
320089
1003355
1679689
1953849
959037
2163691
1243736
572838
950724
702589
2476624
1600052
1105088
259662
244559
632645
149408
559260
2308629
136815
893609
948054
153936
111773
210284
846537
27456
2214569
363480
1659244
1811581
1199420
770711
367185
942397
176139
850559
361393
1728218
974422
1778982
1027706
1112313
1690791
600256
586944
1339085
110924
69357
771814
156483
1425498
1414258
861871
1241631
1895
1598642
713965
1457836
939692
1304989
380973
801114
1109117
1419182
675013
1755976
841069
1951322
287652
944650
1608937
499723
1527932
1416044
1428216
1732949
319414
2328444
1279638
515944
935355
2367631
830003
633515
567074
1313026
896243
125329
845699
662665
1798571
1524012
1705856
342382
44542
979464
636115
613176
588347
92475
227487
1680563
117085
978528
1299294
721430
1286085
1887626
1251501
524872
188094
1465596
2139096
1325732
266102
321695
1290477
1150405
928029
1178389
581289
760675
957509
780818
1338913
900036
849725
998162
1320086
1501847
1970
227853
178208
1593537
1296780
988559
804510
1192131
1277034
860844
345471
1343579
1805538
520151
530648
405392
1430592
803227
1509483
1093938
951329
1102186
1377209
792774
1459955
110203
206348
1889832
1197940
828729
825771
316177
103246
317821
577218
652513
223635
750501
551989
2186846
970625
624742
865834
247523
145788
520708
1505528
1359325
411916
2359242
1202616
685687
1979258
1115389
1350671
1601694
1758899
204402
1071357
1077382
2816321
805799
55885
829940
937897
1442519
983201
856254
424206
936846
167105
459989
104617
881029
171913
792043
296618
1719631
1180500
1216760
703830
2227033
1264273
1981471
542374
413592
590056
1143702
1455201
1460867
796945
271275
613470
1688522
741049
538986
1253793
1206470
961946
1346884
729369
891799
489982
972562
1482203
810804
335576
772831
922726
317924
2016488
761933
242555
1248883
884016
1576214
650623
90856
522848
1654075
1852888
773211
235938
2215906
1860712
532940
36811
49408
1190994
2176374
1589063
816927
147760
1750122
630952
1587778
348021
196640
900787
719052
689805
1397231
307087
654631
183446
954245
344819
362569
126466
745882
706802
228281
818516
758086
990030
827735
1087036
1169851
222911
187778
725943
208373
804518
1262364
517454
1598644
307258
425937
615539
175092
886550
793565
515035
1331676
1832998
1434611
93604
340346
629237
535715
541548
243576
1358492
1142459
1777617
856047
1155760
762071
249684
128065
1024592
755164
1964460
808492
589714
2127302
1997841
95202
899057
554986
1491440
377821
2013438
2054654
467596
1110679
382056
815229
975200
1233311
264657
233328
106295
1406544
1337783
818543
162381
884707
1243300
1094349
749261
826668
716027
1601337
221582
800809
1176263
294665
535956
1940926
623145
1291291
967752
268550
1206214
1222972
266684
1945388
869778
2295537
2433670
569728
992837
1987132
466848
182092
771586
750687
45473
1351405
565830
495461
785890
1483750
600507
1760999
2048312
159608
626369
288626
623954
2211862
942333
901486
2341784
2754172
1238281
1244577
1625767
113127
358208
77947
2143923
1004008
1662157
1309620
118435
788217
1682583
756216
1430763
299930
981587
1472523
1412721
1892253
854509
263024
963463
551140
1297724
986572
1400233
27572
707018
1914543
1423931
540747
2152229
826492
63529
291125
1806094
320710
1846947
305379
460515
125059
742427
433220
740883
1285990
122630
900405
861221
1054636
463189
10396
846637
230657
1148758
1088442
245429
91875
1672499
611782
1401580
1851276
1355053
1796350
871253
284694
93757
1193664
1455735
130560
1324304
1113374
1765
1672149
1512678
1334424
1053361
683188
1441487
573227
587706
1207603
806441
1239342
705975
1605669
332673
713989
508422
2436323
1235437
157303
1188382
949584
1644427
75169
1119382
2044508
930977
894741
131032
1971923
1772217
48357
507501
414487
972703
1375936
543214
410320
665057
888871
183437
399308
813003
113569
914374
999946
1621189
926226
865645
657817
1208435
1148402
1491197
970662
2219152
1966690
967170
1126395
976911
741568
204908
1283595
751639
517027
1440505
971732
300385
1229034
850854
28420
1348568
452694
1535290
237444
197653
227520
82742
367258
615389
35821
9413
1191376
1488033
840293
1023396
386491
1324953
457066
1071735
996703
1953509
953581
363472
462934
390760
52837
1913412
362360
676234
2349952
1890420
611773
690833
1016547
795933
561669
1203365
993207
882085
269762
426918
282144
1475946
1135412
818547
424986
1692049
1131930
840321
1309927
1836591
436530
1202333
410409
572256
1639262
1261607
753270
303754
365231
22804
620176
362229
529286
1491816
1238907
1170514
1042718
884469
1552337
1593133
1817517
882171
528538
1205688
1431314
559173
1108991
979485
917969
925701
283269
585960
1095682
179572
1641694
1339191
1331152
590833
801090
1176936
741798
2298620
1815077
1437189
1063277
557975
541002
43126
399448
25218
1313724
647211
817193
222457
236037
860780
1418293
889394
1589951
315239
864298
700480
1594703
577117
260954
584710
1907769
245074
745752
464737
1967991
1611800
28072
343135
633291
413503
1493020
166396
111451
86755
606497
510408
1301827
1645434
1191904
1041946
613997
641504
136137
358040
1797958
327337
1340210
156910
190098
641675
678694
1750223
563943
221709
1076450
15636
1333022
1105208
154529
1563607
1250669
578048
1401248
1960339
539610
467735
1121764
1782339
326802
509399
397663
590781
1418367
1425298
1166746
1321586
52159
534912
575765
1134540
1178809
246668
1091699
1132235
1901170
499427
1975289
1488005
532486
977315
233885
222081
722393
974628
1027173
67095
162836
1180845
571789
864303
998389
1806430
1741778
1897723
590375
953789
27349
709755
1129208
2050983
63039
498869
203121
504702
1961195
496790
950216
982161
941963
400432
979320
1355861
45993
711448
56826
827846
1358806
49156
427989
429857
702248
421351
316024
739018
165157
257970
412048
793341
233317
196720
550780
661148
645883
929573
1827109
1152955
239645
354251
1115027
726483
936610
989234
342883
710218
256016
768090
539420
553731
124641
1430519
515912
1753199
524706
403945
462535
563544
959267
991454
1051207
1778222
2429014
1150542
315639
1363384
818007
429305
1006882
612065
1410386
1925800
785953
1733732
1311082
296934
449169
333630
911487
689954
761067
1295159
753552
1736171
496506
564244
1293894
196176
1879726
983876
381593
1148058
623287
1858092
2024724
135375
997941
381882
1422141
1327597
1416724
1833995
594456
1423463
380284
1025985
127537
1575113
1310606
1006029
2058176
589324
3978259
2044029
70544
1188477
681366
838602
263008
846871
629305
827081
2271155
2885218
109932
346356
548780
12048
241026
592924
1410362
152507
1520134
827893
391546
1976710
1248178
1404294
730081
184950
1788871
539636
618497
1052915
563232
288242
1911660
2122408
1154184
1059439
1253181
854331
1633812
628612
546173
874195
908884
105537
22121
722221
437578
375739
21849
1366561
415012
991292
1820836
1659999
554958
1556174
56584
73769
240103
439726
1003182
951125
1285918
2359890
736370
319304
1302494
31806
1919208
468537
104779
1065009
636387
813320
544408
617166
982648
56450
1419737
957170
87207
601243
891035
53882
865155
314063
1077851
329014
997872
954943
276795
1144406
920081
958380
1300345
128376
1864780
945018
190689
454995
845805
612395
850891
1377835
1395632
18973
688903
923289
482947
703946
1031803
1214014
152113
657668
842935
826637
1343937
451795
380999
820026
1202757
743667
659247
1699691
867192
418869
897437
541921
2359495
1373881
1336288
527434
954585
304110
1273374
1497967
1416369
139887
779626
148701
835928
802595
1434908
772955
743873
440408
363267
1177967
225997
376101
872189
697525
1061269
1712450
107470
1078982
420910
1325260
347798
1432232
32303
1780578
360165
1178784
1110742
133182
823153
808280
259058
351066
381200
182231
784770
1090792
326984
280740
588131
1451828
609323
1200766
2303792
1980482
999496
773348
780874
255303
1406181
1437860
643103
659149
1756176
183914
30095
2437968
556380
1334575
73170
1851991
563472
959524
1181599
769144
790403
1004161
1969838
837524
558219
1906550
837669
827123
513052
41077
791160
761573
51670
855651
1297521
551518
1446591
1964226
1881528
958964
2793335
716099
2176437
315519
1303282
471573
676985
841141
226984
2389997
267267
847367
206863
754457
721799
112645
514642
1432845
251345
207858
634306
146577
815248
1399948
1163826
852845
57654
1158276
783304
1261850
943780
2422557
1988664
1214351
1196139
1998156
926898
1444045
392181
1452019
312899
931119
954603
926595
1309569
1865369
249817
482549
11655
225572
917844
574444
857096
1029516
380964
650994
1492296
559807
585988
150004
2987758
296586
958927
613348
1998301
354665
842654
1258546
1389257
780627
1483892
1026895
1309422
1116807
47555
249575
850212
918495
672304
562401
841239
612984
994970
384413
1892699
867716
598816
1320402
1029380
358740
842505
1137515
836890
294221
514565
1070340
835891
597870
1908474
596974
428995
284803
146881
263523
1341782
1029681
676631
1762063
2521541
1147974
1246521
830245
345454
2840037
862926
1235042
364134
1316243
1483377
1967978
234418
1004202
930607
752132
765659
250047
285331
341819
595206
1541529
1056586
1787483
461483
926105
790697
937165
1478245
818377
158547
762744
571472
586379
1669662
10237
241721
300582
358558
1250007
410070
2993623
515138
745108
26782
757370
1545443
189467
736538
471836
296580
1217252
151747
907656
600347
1473365
94765
1214802
2651895
1368999
494440
398858
725122
856349
12336
422152
1062446
1103301
1908994
1312440
1021684
1055798
771990
776843
2223936
976909
1340467
784355
306097
505613
1340166
620065
868836
219354
839860
1473460
539001
2317977
823254
720136
155031
219246
230252
146961
1412305
1320987
624945
1434331
1344306
421497
2925718
850135
177117
1449469
1966195
1238188
52117
796274
1475199
2223871
2393348
652853
1362025
1781544
328224
1712602
608838
1219676
623376
1025026
1673714
719225
133429
1010335
519483
889401
105868
1131501
1655905
1220574
856504
982389
986914
624286
290405
705192
1840952
874516
1206575
186109
1427373
682475
424138
686032
449455
1703823
946723
484480
252646
1954618
111820
1143117
1790636
375040
716957
638292
999523
935072
730879
1109615
97161
1437071
605771
129140
769264
233130
2028439
6738
832946
511072
454041
360907
1131978
1252002
213357
1143033
1391877
850417
517593
845064
922398
992299
1621720
76245
1375793
61401
563228
967018
288111
224927
245013
1066590
887735
1282697
1445175
1239540
544526
627991
1528385
535127
10765
1432333
1176320
720024
1135296
987266
370458
792141
419574
1214922
226030
1084878
326940
1453450
622209
1960310
985420
347872
1402973
861724
1311178
1636629
177531
89013
1050519
174920
973641
1128047
175526
634528
1084045
1214899
817684
285494
499599
1107583
1145884
987716
554460
1324583
181103
1439606
220399
1114606
1297930
136948
473395
696525
1279690
1870034
1232621
485128
514146
924124
988445
898865
800308
22793
470796
324195
556710
287938
311623
82852
781363
1161943
2183698
1045982
1032682
3406663
694593
561123
108444
790994
396935
1446724
1363158
1416037
1237594
818134
48054
2088585
468214
418345
904162
328337
456999
242253
1119611
691686
1485068
854698
724696
838393
363741
848099
1677559
1935020
1503637
406832
1799510
15397
1516499
571134
575240
776408
1335970
744524
1364234
221304
922626
661195
1317693
1933827
246534
995482
197813
708335
488453
1032293
691223
597821
891701
1672993
1093258
357856
106490
541902
726156
1759409
505605
990096
1326828
662171
1739743
1789363
491839
150214
615149
327522
418996
2581162
1029814
1286922
1172426
610043
991337
1126457
110473
392659
803010
808086
445749
43592
1202132
1723300
1227494
664308
1295689
826112
888381
408579
673484
1073372
1220697
1449604
728049
1028830
1513550
1757239
126995
1678849
993694
1781783
2099459
1044559
474858
546893
1404777
1702688
505833
1165593
108459
529595
1884129
1117285
1810580
570351
824186
1880048
314295
1522198
565526
175740
2018841
254894
912647
208829
408948
56828
365569
1455207
822528
425383
918006
2779
479253
696501
126024
896245
60436
1474669
768832
1326428
204012
803089
15109
1833583
3459297
663646
1182289
1643889
761839
651723
382501
1243674
1983349
962915
366755
2544898
1966293
1001640
2133955
1103282
1524640
336206
1862663
2170449
57464
1471384
532049
626959
954229
594170
587836
1932729
2449
295315
51376
387523
722792
265485
879606
620947
1703135
762812
1421939
421848
879150
160696
1455865
473262
1383937
1355071
787745
564212
1004000
2310163
825309
672309
882583
1146709
75601
295928
1107865
161028
1378440
632940
516166
561885
786028
1083835
563539
1415416
537719
584562
334417
1300771
1059502
532274
1690703
2603399
526774
463998
1262274
1272988
118054
1756234
755531
1332690
562627
805541
51519
1304711
1408819
237194
728298
303751
2165584
650289
745174
1227916
1227717
945141
602897
1042106
1113215
328521
145234
182943
200674
629956
169284
1454125
1167268
1462638
551364
2037084
408319
251279
619181
889031
2063399
750235
98716
356138
718339
672611
1854326
781055
623648
405091
996302
1468411
318024
979179
316331
726097
924346
586005
112238
1466761
1684154
224907
501562
468197
531313
613082
893397
1249242
21527
1824830
855987
2010254
1951476
596691
1686522
835387
1279086
978942
608232
1297096
1042148
271998
686106
2259143
456545
59483
960207
1060919
1187635
393297
839665
1287456
21347
567681
287164
840365
29607
2179133
1012543
670770
718587
1215605
1731944
579427
880630
1430219
665669
512598
963808
1040023
1820109
2641405
900360
1410240
574981
656203
2689979
1546848
1971944
1050634
191800
1862106
248070
1209085
3269737
272964
426806
1300128
463828
1266227
1665103
457761
1910038
706063
73528
1417762
1441081
519036
567816
162645
623140
1255370
420752
558876
1014712
859619
837821
1182532
578115
1991542
85378
736548
96084
896652
291515
25086
905878
1039375
884820
886330
1477186
405306
1718801
796034
106197
1478153
216559
103
25193
526981
853744
830967
823302
2003028
609117
91616
615232
529635
1213036
1177708
305572
609018
1452201
860354
1833203
1433827
494074
390398
152409
723678
993059
1757302
161247
593484
145200
579378
866052
740829
90234
81197
155793
829312
1208073
60053
2052436
455087
706592
1020036
125580
1650590
471775
1450946
970442
221894
380490
1772800
54945
964602
2260079
2403098
902780
543917
1498382
1425553
282837
991205
739386
503724
362830
1698217
498276
434962
871775
902378
991519
161837
1735511
102169
547462
243109
839432
1503342
916450
815583
585987
638968
128368
2166202
1296842
709326
1938280
1550317
100011
87896
53409
897192
1683570
994434
769113
1139212
481023
1191431
698777
1775600
461854
267327
305085
130619
185181
375853
794554
921376
1767744
578351
232160
312322
242872
451435
1396519
297772
169146
2057914
561615
2587316
1131411
1450588
679785
735893
446625
881567
1236762
1401839
1013732
2795509
115749
1184165
1853723
458618
228144
356601
844850
431015
856488
944655
1447776
127839
1302023
977476
549880
2118971
277724
69490
168765
33115
889970
215434
242720
1193235
625648
113365
588973
1417144
266984
650160
522281
1557294
833013
2438987
1835008
161048
1521284
529029
1147554
780835
328220
97103
275829
1049111
1006209
1783619
186092
1152900
372538
755399
1131967
1682189
177594
1324011
533629
964091
1499397
120836
488164
530280
1361873
1485356
567225
557614
1719796
384255
847866
789813
199269
503451
987191
869694
484131
226844
14313
775478
403131
2429018
715203
1056514
525517
977897
242636
1426251
292566
1449428
841910
1875439
961169
828670
1047121
1449900
994399
758110
232448
826994
904079
267869
180789
788140
1970655
760470
740160
1498738
1663592
514834
691721
1285750
796224
561094
142119
1797073
64066
1135219
181296
338034
348337
1232704
725273
525899
772386
345375
946336
816576
1487615
360610
1069707
954836
828592
584737
815805
1318906
1514813
665106
1193671
1444061
1438007
1166541
160577
850260
444510
766914
2756
551310
190531
28864
1927800
360958
850838
823148
1962639
926187
1223139
1206499
986908
1898335
2166717
78197
221798
552146
605509
1438407
476670
239226
707372
111980
746488
172826
1539517
1317320
130046
830060
1364415
301483
2343303
564372
475038
138445
508558
472970
1439442
502579
522342
955692
450336
2442789
1897075
1168614
944037
340594
64284
1956775
1068249
1260971
463268
1354569
634008
323936
1049056
653893
1022117
926017
758410
581817
1471600
410108
1781723
184159
2370751
1416598
77311
824403
849137
2386417
1049738
657096
699109
667555
918896
1069936
1464322
86
3460442
824911
540217
280232
736060
103011
1052653
889320
661322
250042
798907
653331
851027
1595768
2264989
1175985
1393325
476395
460688
1280376
1907735
755189
1260894
1927107
452550
192637
540383
523159
858431
1123387
960929
943868
534763
1268870
784303
2165276
655920
404548
644055
1279746
339267
237397
3362699
924633
487331
624900
1285393
1461863
1080457
694964
2063455
1155405
654179
802443
3291495
814532
858471
589350
1302777
1212127
726764
1158401
1443374
1364160
59676
159112
1234729
1435649
2523085
973255
1259809
877578
469943
373747
333698
912144
1802375
645307
1779866
991385
929786
1718518
734039
216530
524237
2685522
1240726
842289
1170488
1162303
1173248
723861
952067
1388350
612149
215327
975288
1276338
409651
647061
1287840
1392617
360632
1483898
1167921
675822
1321355
685204
762828
1193302
1395362
860995
1455596
727886
1041765
1132162
301218
1117926
1608856
572837
690694
1694116
463006
744086
411440
769967
850178
475925
891532
676862
1024343
709874
109363
957477
82920
450673
20254
647364
966130
361666
499388
533716
774358
436802
363373
562326
2710612
1054171
1745743
694786
887833
1468509
612893
1759761
944065
2743550
1033791
1028688
1581792
1966940
1157923
973482
350563
663989
488211
2393624
3348380
678920
911081
265200
844484
2214804
633669
1401167
663425
1453074
1264806
218476
167504
1095128
1781822
123555
2073700
1886803
632744
938467
1465524
2716745
91676
2000541
437276
40370
1661002
215153
1809186
906650
746957
1909406
732770
822845
1011102
834350
651884
1575687
259601
1810884
1809297
495694
249573
495435
756741
1018388
627485
481221
338278
1025190
1639283
1007381
575076
2148947
178643
254417
768578
1389395
1960461
780271
1694561
1409341
2182571
526866
1312292
1843628
1010219
813722
134582
1527543
1386606
1122382
482352
916178
490294
1364303
42272
1480941
742582
814723
650988
632079
115179
653154
518364
1584216
875536
851017
421533
983610
783767
3287008
730251
518426
534267
179506
703695
1252816
1237049
1281905
733998
362879
1390119
574571
722187
1434426
2286020
1336693
243403
472733
1123031
816954
978175
814476
1043515
1148936
63688
1536180
520543
1480288
875611
1955
777716
1164417
756492
97709
1590375
1834839
310959
1672677
234199
938957
692449
381661
652807
606420
1243310
155683
638908
1302967
594837
710657
461290
1296901
1285422
562745
278032
434818
851732
303554
1717260
1366355
558406
547307
183889
1495308
650928
303794
1012573
621952
987695
667912
687694
895468
773370
468588
131388
747176
1062917
407049
975081
2640531
585415
1843478
1185981
692674
1748163
208529
1387190
745453
103341
1226560
1979204
256606
2223883
538637
238330
216127
528227
752420
44423
598311
1987900
845268
214061
170569
312069
527783
1434257
579553
1723387
1422791
307480
824548
474031
1127766
1335034
574891
2379756
1394128
772376
206531
1123390
978888
46929
1407196
858198
1384837
462426
1137653
42162
1219489
1773747
570633
1044995
142757
132382
853312
77199
663883
602706
903292
867677
1316505
846677
1504934
1102488
849374
291631
1898620
606227
811507
785731
1413026
1457043
1071640
407008
1603658
600210
1172592
792478
561066
515624
831171
713900
1407841
2461229
1115704
2946829
293133
331939
3155125
272138
1069812
794967
451131
955562
1307797
796206
1150506
870023
1892850
405636
387349
1498210
878180
645880
56330
352798
2096164
1885805
1413898
936945
927418
1254866
723304
684157
104300
2390793
183465
461351
839212
1804013
1770943
20519
1304646
1385557
63114
1280934
1799373
218493
1233141
296845
1812969
459533
1335858
418210
660487
685466
1390811
992341
1700710
1410673
2062349
703199
1062465
979098
1206218
714676
171622
264098
405682
55767
1305146
1806361
1914278
96820
315438
2055074
817122
1565427
125354
927122
1451709
960559
150909
189144
1641255
131502
697894
582788
406151
1036434
1200491
1349611
187192
19254
873148
679598
1447910
930428
1780746
774947
1931793
12266
1417105
1217588
493926
1369405
904071
577932
631262
1669053
1247305
47992
233053
1170840
1773705
450834
457072
620658
934462
1180546
132650
680994
1994959
1106854
1416132
359583
606725
447002
2048184
1992417
445173
590649
669378
85068
1020015
645769
1121595
687118
831662
841981
851098
1271089
419877
938524
320240
1071636
536074
83591
1837031
989436
88841
466849
579648
253231
1950960
1995888
519567
1496745
692378
728104
794652
887055
160131
994192
2321984
136840
1103695
582852
669825
378547
204031
570529
2226867
863323
781465
484488
23540
129583
1239643
1599427
1399083
1203126
182501
200812
939877
886727
1599656
1162867
779924
509918
547350
681670
1113486
772817
1762767
429235
145799
1469226
1766893
1513489
40148
180344
1028277
524614
1772196
243782
1152963
533738
148067
292436
729721
693105
2402773
1897388
307884
2605327
198548
1058420
1568243
955868
502416
717354
981909
251167
1365546
1354933
748278
879055
1477684
2769184
984933
628925
1357519
918185
1469709
1992759
1991433
30751
933599
1414318
477658
1641105
1224256
411135
1661667
1670347
607260
179510
650635
56388
1177583
841527
1294558
382106
634259
1049087
304556
170182
1192595
1599249
580162
618611
217140
1093427
2293232
1904210
100003
859103
308607
530097
1237575
909598
951765
793457
231276
1238199
2450864
1328702
491504
839950
486405
924001
905430
512784
1454395
661785
357101
278323
282543
834320
794532
282498
110606
799665
915988
1719552
863153
266975
1378418
73483
430401
1024776
1046040
563080
333168
269024
812984
195685
2716857
346034
1020516
952706
572573
1220409
80996
831442
741954
609588
1330365
661350
215441
363135
1377315
560753
136307
1630662
1310627
326766
1936208
997884
287767
20006
74284
711986
1296079
825751
1683175
1105482
1372928
939415
700729
997139
1121685
1759518
399824
257398
765239
125354
1177647
739479
1413025
677540
828652
2407071
1025932
374057
626573
385085
608476
8907
2054663
1766613
1958158
287582
1401723
349912
756103
1049463
1729526
1936027
838882
902167
43565
400780
888221
825583
225947
267046
1476937
738660
142143
626285
433652
1004506
499261
477724
1331037
1225845
2425305
68227
454843
486882
579123
583830
109010
67869
463723
1035785
985436
773813
525433
1318527
1303384
804595
1174384
1222121
1780954
168960
1418040
1029396
137206
936652
166701
1168066
572882
2153106
58081
718722
121487
337602
847762
531651
1392380
951968
612624
265612
946144
2209904
1736983
791630
2014890
408092
99436
25570
592703
1309044
1114878
1152759
344582
75069
1408580
751051
761691
47341
2475926
1850691
168279
355547
106578
1021309
787105
575516
1176053
527050
529500
543408
1265786
1647041
344436
918499
786843
281334
95181
272152
363690
1118993
858866
607177
1328308
730306
860095
2527410
883259
100025
903892
1039412
606517
3109276
1274624
1147134
244589
266073
1220877
440014
360573
630627
626869
669438
1668365
81154
550953
838242
1020852
253643
829858
1368822
964017
419894
387534
986973
1658157
1321109
1044352
774316
648088
942441
2395229
304173
958310
2306296
515783
1135720
927374
1474787
753264
1180134
440294
1074171
958277
560726
321861
1366939
1510140
19640
389245
1149177
1598083
727808
388379
263134
223279
464347
56230
909820
587718
1175446
113817
653735
803537
1775780
1306854
1192100
142954
1079270
1651697
1973925
705958
519822
897933
1381246
1720391
683589
731229
2733753
503816
1319923
1437682
982445
558158
1203172
1582534
1294485
1347184
796048
1335098
166565
369675
20796
1025017
295231
639245
2369925
1215568
563851
548004
2069348
1787601
501004
1003146
58131
86797
73591
955255
320213
1443059
1352902
602539
414909
94320
355154
1440894
1120270
1324108
1339687
590094
2655272
79173
771897
963437
613098
355539
168988
829037
1244443
7553
1423225
401425
539084
739212
822596
369529
715936
59811
1535474
734257
41365
617570
36463
1111647
934850
374547
728181
358319
729096
1473034
1430625
794405
1123150
809060
2453959
155014
1502605
383237
352492
1035308
862035
120628
2152668
1114573
2328012
1283933
1344218
1520430
921955
699146
931900
273073
1895150
317765
685281
1812320
1842160
950869
792130
385885
1007104
1709340
952461
564336
810256
1624658
414232
1061972
1370800
1332937
677018
2514183
809497
989318
952029
1220852
734895
224319
1650136
20422
263526
1420990
1513697
759028
857454
1119833
1169478
1066507
47569
1395189
727364
1725413
850177
1369310
1800728
830156
506552
166956
1318331
537714
1088
1411261
2473266
982841
566233
777362
1162955
319554
2414849
1136592
1149515
134045
876694
2393500
649420
1756596
112896
506107
860044
494844
555602
15148
931815
608833
1965912
1497932
1306543
1017237
601619
1091277
1306202
708156
29223
327931
1456896
25407
898463
669876
788240
4052
911631
1029930
505312
828687
948223
395295
973065
645455
1613808
1161029
27517
175055
946591
199352
121913
266319
1367631
434305
1090012
447302
1294957
261106
501953
2408399
1198963
110816
364976
442741
1735414
130504
480696
450757
1017860
167818
734913
236855
309741
1441860
258598
2816544
838923
1304404
1604327
174975
518820
2405716
1097507
1184266
1390836
498875
1165420
1844508
2092913
1035125
994045
55557
946511
1472872
68814
206199
1236619
505644
1259696
394321
655948
587596
1224347
770609
660171
183302
214060
2220803
977243
254692
519892
2991593
489229
789501
650995
2378606
810387
442549
1040012
286291
1948524
1307541
445913
1617820
441128
1570927
633926
740832
1710378
691769
648163
1296308
717779
961932
652603
744443
2912998
733537
198729
1790388
1697167
1300657
111954
292008
566821
1729198
2722197
1990679
643638
752362
64550
997414
704331
1027147
1595202
937903
954537
1169201
758277
959725
903199
731597
988190
351050
2457798
1560390
525739
1166671
155466
443794
1343497
728912
2373488
368470
143372
740281
117337
171972
811892
849377
939851
333495
195720
105138
841623
518741
1334372
620026
268254
1243721
1641301
46009
976885
891587
275213
783087
1599568
118326
621113
1941162
1314371
787412
979831
1092401
30476
29873
2117165
1380920
1938997
860602
1395837
953960
1641085
678649
575708
966514
869151
897743
2261674
1771289
2327955
524181
1263907
2369
1872953
1619224
1638107
1400032
1273725
805880
877872
335687
753917
819780
553728
288341
30254
2191325
1540419
1771776
1391140
3330924
342715
1808681
740057
619434
23632
1260580
501901
1041876
878912
904680
935765
443983
1648315
1415521
1495511
1547047
756084
1486072
87642
38887
410139
2295203
1276387
955229
1315535
1849079
509954
2336789
273849
108174
35828
258071
250811
1694431
1215145
277703
327791
1169025
1642863
368640
14291
1131076
738639
593141
463465
4532
699707
941869
1552325
1918194
1412018
938945
286600
521754
940418
15292
527473
1139667
293108
706230
379290
694558
665039
138614
657801
939366
1860475
98892
449764
354472
40399
669840
620975
431111
221965
415841
544858
514935
565937
1504516
1308058
590348
913649
1086336
547233
1997415
1216678
77564
979730
1823717
1271825
1707613
1052852
1211148
259074
386918
849136
479386
1458555
1503541
980285
2559923
732249
1039327
817087
379567
31963
1058032
439832
2135046
1414212
876395
857150
707490
1288771
52930
937396
659399
739131
30521
409789
263689
926724
182852
88690
524339
363256
587522
1506844
352183
266227
1620830
137765
538527
665147
1103081
523440
818807
1188838
1025087
220112
437949
365921
283996
995486
658638
1226229
1564417
1879052
18198
533964
510704
279390
744604
735898
1407272
912096
759407
59359
792551
342458
177369
859537
672994
1453191
359240
231871
728043
1202445
1533787
841305
2211496
1385199
378391
916820
1390227
2307333
2956045
71218
475226
708405
1075055
89382
1447740
1036482
468664
1221629
524773
528746
204382
1528289
458799
684821
488413
857312
507167
366865
369833
369458
500577
949475
957879
1215648
51336
483967
2168176
1573769
12620
108384
737020
1718854
1552649
552570
2469903
386709
557145
636693
553179
1533307
552983
321244
319610
969131
1848089
1035674
468894
1405549
1647280
191374
904991
1009440
1249093
201757
134984
671560
844539
376173
337286
584459
1303076
1083770
635638
675613
279306
103465
75794
59781
457316
1066146
217632
471872
36698
967490
1365920
1158505
1247166
998357
1138680
524162
58800
986410
971877
1203701
369013
495944
523144
501564
1752988
2728518
608083
714535
843543
1781120
2478743
514116
710105
867213
1323795
342690
1185241
205557
1441347
115862
1058730
837160
1056715
1990183
971004
321457
944423
910765
949884
1669009
1024184
635068
1044717
81583
874581
271816
21481
568852
1406195
552297
850399
2462109
188315
701446
1233074
990642
2343567
351479
2336402
548507
424768
1405355
1529858
10010
623000
96528
1685647
2652059
734567
1877881
269009
568335
968372
705411
904648
795839
359114
422840
303101
1640357
348004
1426205
131259
1178238
1024478
566096
384688
948836
1046978
350417
201517
875456
341460
2892906
352544
272292
1108003
1737617
2177970
1002046
2171380
1394355
206313
1830351
1774740
1492116
89762
597891
107395
1411641
242163
1748452
217632
399023
666820
335919
2616637
1122092
1650833
1309775
282119
786812
1347590
1765583
89945
837919
1265630
284050
705543
1706774
2346881
956710
576555
629382
989537
168927
967861
880187
640664
577160
1154140
1195510
145225
54844
436899
1162186
59608
1436731
737138
335528
626032
1892735
626587
1679588
810264
1048021
221805
1033431
1128218
1528304
377057
667307
76025
1981953
566662
215198
2036501
1434122
41971
46374
1379845
974042
899281
560987
426009
684443
573835
1252091
993299
1176174
1461179
1493552
485352
1520128
653050
87092
312255
541853
1369611
410909
368174
1143690
1865196
874844
1393333
555544
1351107
1045095
1000289
1125020
837482
488095
2063558
174468
599935
7093
654752
1893867
1344146
601198
1591631
979221
1438419
352238
536598
146750
383135
